# Build Configuration

root = 507b80b0f9d898949922a91bdd1fe05d
install = 9fadcf670e9cc539a6e8db523818dfd0 fad551ed9fe2fc3faf3d726a124c3c35
install-size = 3813978 3705771
download = 9baa1b6c55eeb040ea3a4ef169720d4b 95feaef0628c94aa205bc1729ca3a91a
download-size = 476096 439124
size = 3435b95cd8dd35fff2aa5c81640bb075 59cba131c6f9a38014333735f6c79e21
size-size = 300492 268242
encoding = e18f3c7e8e0d804a9dc9a194bf66133c c505d01b109341df28c89b66d05eee25
encoding-size = 1250947 1251122
build-name = 12.0.0.115411.dp-april-fools.93d21c5ee7.Filtered
build-product = Gryphon
build-uid = gryphon
build-token = 4e6dece3-875c-67c0-b0aa-23b1e3a0fdd2
build-data-compatibility-hash = 943376ee41d444d626428cd50acd5ea4
build-data-content-hash = 0aa231ccc04c922ad96f2ce02683b9be
build-full-version = 12.0.0.115411.dp-april-fools.93d21c5ee7
build-version = 12.0.0.115411
build-git-branch = dp-april-fools
build-git-commit-hash = 93d21c5ee723f1c4b760bfd1aa45ab3418f78363
vfs-root = a9cc3f69f80dfaeea87feb8112691fd7 a3b25ad04b058afa5ebe0321857e76bb
vfs-root-size = 178 183
vfs-1 = a9cc3f69f80dfaeea87feb8112691fd7 a3b25ad04b058afa5ebe0321857e76bb
vfs-1-size = 178 183
vfs-2 = a27ba60197b064fe85c9c2b411db8537 af654118e5b2c203fc85c2496019f62c
vfs-2-size = 410 376
vfs-3 = 8618352f21cc8137eb7c66cc8f4b2fe9 08584b191337a08cfc3aa1db8bd69616
vfs-3-size = 189473 113065
vfs-4 = 824f6542def445a14f4f5cf3d70d5ab1 451b43c6cb7eee3342790a381e322455
vfs-4-size = 102842 61433
vfs-5 = 29e30b8fb07a965cf7eea1c8028f9867 6f0636551223743f05c601df9d8778d8
vfs-5-size = 103325 61675
vfs-6 = 70ff00a589ce2292e57f95d0a3624bb9 9001a41fe9f7a0560d8da79c13c37635
vfs-6-size = 103973 62109
vfs-7 = dbc299739a10f87c31945c1e5c31fb51 7f5f06573d31bd392023b7523353f446
vfs-7-size = 103948 62029
vfs-8 = 9f9beb9155315f08e8f99acc9ba33e1b cd6a9d1114c44561f1b17c2c44021187
vfs-8-size = 103864 62025
vfs-9 = 0d8dff174ab01db717861d27e46a88b0 26e26f9a1ec735d727e3662c5908377c
vfs-9-size = 128571 70506
vfs-10 = eac6b830d6820da9bd189e3fa4e64abc c83fdba0a6d26f513d58ae56a9a63be2
vfs-10-size = 4977 3410
vfs-11 = 03b98bdc7c45cdc6ec39641257ff9e3b f435430dd1bc39e6b28401ab47c64dd3
vfs-11-size = 162461 90667
vfs-12 = 55a3563da8252c7a4248986123aa0ea2 2e918e0f0dc55ab966dadb9943c8a9f3
vfs-12-size = 343073 202857
vfs-13 = dcbb625b0f009e6ecbcdaedf025fd51d 8219a6f1aa9dfa6a405521b6388cfd08
vfs-13-size = 120375 71746
vfs-14 = d9d1f16f60eda39879a648f33e771dee 73a7b085efa28f36ee54b0ed6a85a980
vfs-14-size = 121540 72467
vfs-15 = 9e3259cfbf0429987ed85ec190c7bf4d f085853f12ec42ebc280c45ce5d395d4
vfs-15-size = 121497 72401
vfs-16 = 5998b0c1e237ae030a8d087077d1c5bc f134865ddd99f438c57e993f90a67605
vfs-16-size = 121542 72396
vfs-17 = 98ae94bb9d90cc327c319142d8464560 41e9644c2c1a6d1928269288fb82884a
vfs-17-size = 410 374
vfs-18 = 48ef591f6cef135a57cef0472f40625d 2e1d3d4928c4196f89260ca7af9a94be
vfs-18-size = 189473 113062
vfs-19 = 824f6542def445a14f4f5cf3d70d5ab1 451b43c6cb7eee3342790a381e322455
vfs-19-size = 102842 61433
vfs-20 = 29e30b8fb07a965cf7eea1c8028f9867 6f0636551223743f05c601df9d8778d8
vfs-20-size = 103325 61675
vfs-21 = 70ff00a589ce2292e57f95d0a3624bb9 9001a41fe9f7a0560d8da79c13c37635
vfs-21-size = 103973 62109
vfs-22 = dbc299739a10f87c31945c1e5c31fb51 7f5f06573d31bd392023b7523353f446
vfs-22-size = 103948 62029
vfs-23 = 9f9beb9155315f08e8f99acc9ba33e1b cd6a9d1114c44561f1b17c2c44021187
vfs-23-size = 103864 62025
vfs-24 = 0d90ff29bc8f1f4b8abd3ba62414c875 acfa18fd5601267268f21ea24e2ef7e6
vfs-24-size = 128520 70502
vfs-25 = eac6b830d6820da9bd189e3fa4e64abc c83fdba0a6d26f513d58ae56a9a63be2
vfs-25-size = 4977 3410

