# Build Configuration

root = ae84a2993c058ef8e998517b5f381ada
install = d61298e2ac7a915f663ba5ec56c5191c 5ee22df52120ebf8fcf6f4bb149d0883
install-size = 4097150 3974325
download = 62076af5f8ee386a8086dedc3247e966 dfd1805e1ae5a98a186496806a9c4fc2
download-size = 491024 451553
size = ccd9b308a33ae3783aa5238bfe47b7bc c5ee68d83b15bcfdf516bd8ec60cd37d
size-size = 310839 277655
encoding = a0d909aa1e9d4c5a026ff4bb7d06f99e 43c277b5d344cfdbb9fbc36308c2fba2
encoding-size = 1283971 1284145
build-name = 11.1.0.112184.dp-pvp-comp.1a78382584.Filtered
build-product = Gryphon
build-uid = gryphon
build-token = b862f7da-6d56-67aa-49f7-23e161b41629
build-data-compatibility-hash = 57aa990b6f1b942082651bf881878ca7
build-data-content-hash = 30eeda0b389783502d94f45a77f12b6c
build-full-version = 11.1.0.112184.dp-pvp-comp.1a78382584
build-version = 11.1.0.112184
build-git-branch = dp-pvp-comp
build-git-commit-hash = 1a78382584ac673db1fd52bafecdf45bc3cd35f7
vfs-root = 9e1da18d84fd2c654ab424aa234a637a bd215ddc8d5b97ffb326414e35e6704d
vfs-root-size = 178 184
vfs-1 = 9e1da18d84fd2c654ab424aa234a637a bd215ddc8d5b97ffb326414e35e6704d
vfs-1-size = 178 184
vfs-2 = 203b9523c8479b2ec8b5c5244839c48e 31e46280594867c80baebeff3ac058e0
vfs-2-size = 410 376
vfs-3 = ff858d212368bbc9724fe946a59389b2 dbf45638b44c965f10d34ab570d2ab61
vfs-3-size = 224096 133877
vfs-4 = 310a00180ef48fde3abe13e0f196aa7c 5b4626827a461b02725c75e29b8eaeca
vfs-4-size = 118317 70460
vfs-5 = bebaae972b9aba967a727fe6d0274631 305cc9a0abab104e33ea0d366f17da10
vfs-5-size = 119564 71278
vfs-6 = a9edf10f6700e417d54ceec933fa6792 6f27ecfa1bf7d2afa2bcf04eac853f35
vfs-6-size = 120724 71988
vfs-7 = f733b5a0017e199127d65e5bd3ae6f49 9913976efa01f8935f31892ce3e5475a
vfs-7-size = 120670 71938
vfs-8 = 4caf286ffd4dba3fcdf2cd983a3463ef 8253776f160be33640b9892d93223f6c
vfs-8-size = 120728 71923
vfs-9 = 0e61b4c808953c70e7cd975e26bd87f8 d6908e2f4c798fcb344b086cd968ba21
vfs-9-size = 143521 78308
vfs-10 = 89609d0119c7ceaa621827a4254eeae2 0c18f4ee4570e8ad83c9059fbd66ffe3
vfs-10-size = 4825 3312
vfs-11 = 667c3d3801b4cd24eabf12adf90283c9 a4b8f5bf1ac5a0fb3d8eba8782f0f981
vfs-11-size = 156342 87260
vfs-12 = 8ad6f6b0cbaa90e8370cd07435ee471e 7a2edd2af93bf3f44cb30ac31d02b958
vfs-12-size = 342260 202397
vfs-13 = 7bbc6d1381ea8496a8138ca16d5ad923 af18e7f9b8ff7c7aa788c3ef7630b64d
vfs-13-size = 119564 71290
vfs-14 = 708a3606025213ca59e928ab1d5253ed 0d6877879ce27ba75794ca06bb9fc91d
vfs-14-size = 120724 72000
vfs-15 = c23bb03ed8697a2ac1330c94fcdb2271 a90a6c8610122267ea1507372dee9f5a
vfs-15-size = 120670 71957
vfs-16 = ccac9edccf00f1cc0c5565f5f8a5a8fb fa34ed021cdfd28a0b8aa0d724b6124e
vfs-16-size = 120728 71931
vfs-17 = 1ab0828d57f3cc8c3f462ad8b3b0a38a 4fba82f512317b7ebb0f647158bd5f20
vfs-17-size = 410 378
vfs-18 = 3df7722cbc03dc8d1288cde4aeab92e9 4f65216edc1e292f889ceb65889224fc
vfs-18-size = 224096 133888
vfs-19 = 310a00180ef48fde3abe13e0f196aa7c 5b4626827a461b02725c75e29b8eaeca
vfs-19-size = 118317 70460
vfs-20 = bebaae972b9aba967a727fe6d0274631 305cc9a0abab104e33ea0d366f17da10
vfs-20-size = 119564 71278
vfs-21 = a9edf10f6700e417d54ceec933fa6792 6f27ecfa1bf7d2afa2bcf04eac853f35
vfs-21-size = 120724 71988
vfs-22 = f733b5a0017e199127d65e5bd3ae6f49 9913976efa01f8935f31892ce3e5475a
vfs-22-size = 120670 71938
vfs-23 = 4caf286ffd4dba3fcdf2cd983a3463ef 8253776f160be33640b9892d93223f6c
vfs-23-size = 120728 71923
vfs-24 = 2e0858bc33766e2b473eb91ec61a1208 f10c8816c2db2f736638001c20ed44bf
vfs-24-size = 143521 78330
vfs-25 = 89609d0119c7ceaa621827a4254eeae2 0c18f4ee4570e8ad83c9059fbd66ffe3
vfs-25-size = 4825 3312

