# Build Configuration

root = 89fca526c88e7df0b6fd99fed6bb5534
install = ec23c79a8ea0c7ed5154da05c4241862 548ddd0da9992bc2bcac96756ad2a9e8
install-size = 3812037 3703591
download = b9b33ed98076e5821c53a9a949a4c015 c809d485bd0bea28d20c2f9001c42b5c
download-size = 475357 438457
size = 11ad4eef8349deee09bc84df40dd5faf 08c3c746ee003d6420bcea332083fff7
size-size = 300032 267829
encoding = 30b5601b295c1a0ea45c6d8dbf3cf6ed 1c21549150f45c558d1747e663e58efc
encoding-size = 1250947 1251122
build-name = 12.0.0.115222.dp-arthas-balance.5782b36a97.Filtered
build-product = Gryphon
build-uid = gryphon
build-token = f50dccc2-ac29-53ec-58bb-61253c6f9a86
build-data-compatibility-hash = d7514aa102d541e6e857960e4febc53a
build-data-content-hash = e993c6d206e265621c039e09351b7b5d
build-full-version = 12.0.0.115222.dp-arthas-balance.5782b36a97
build-version = 12.0.0.115222
build-git-branch = dp-arthas-balance
build-git-commit-hash = 5782b36a97232d8a7dcced0cf36f5018d81b0e4f
vfs-root = f6f91249dc89353a5c9c29134065fbeb 865b1ecaf64331c41d58c6d49305872d
vfs-root-size = 178 184
vfs-1 = f6f91249dc89353a5c9c29134065fbeb 865b1ecaf64331c41d58c6d49305872d
vfs-1-size = 178 184
vfs-2 = a0c84d850a8c0526f83a39bf6636b918 5ae80ef5e3bddb78ad40fda5fef69d33
vfs-2-size = 410 377
vfs-3 = 8618352f21cc8137eb7c66cc8f4b2fe9 08584b191337a08cfc3aa1db8bd69616
vfs-3-size = 189473 113065
vfs-4 = 824f6542def445a14f4f5cf3d70d5ab1 451b43c6cb7eee3342790a381e322455
vfs-4-size = 102842 61433
vfs-5 = 29e30b8fb07a965cf7eea1c8028f9867 6f0636551223743f05c601df9d8778d8
vfs-5-size = 103325 61675
vfs-6 = 70ff00a589ce2292e57f95d0a3624bb9 9001a41fe9f7a0560d8da79c13c37635
vfs-6-size = 103973 62109
vfs-7 = dbc299739a10f87c31945c1e5c31fb51 7f5f06573d31bd392023b7523353f446
vfs-7-size = 103948 62029
vfs-8 = 9f9beb9155315f08e8f99acc9ba33e1b cd6a9d1114c44561f1b17c2c44021187
vfs-8-size = 103864 62025
vfs-9 = bd3e3c2ff5260d204b20c1ec01c40885 73f235520134cfddd851374f61c7d315
vfs-9-size = 127733 70086
vfs-10 = eac6b830d6820da9bd189e3fa4e64abc c83fdba0a6d26f513d58ae56a9a63be2
vfs-10-size = 4977 3410
vfs-11 = 3625bf143ad3ea7014d7aa31ae23a0c3 c1f479fd5e9841d19bdcc79f0c42fc17
vfs-11-size = 162461 90715
vfs-12 = 810806351b3d4acfbcedad9d0f912cb6 3b6756bcadead451dce6f4a6eb0dbe10
vfs-12-size = 343073 202862
vfs-13 = dcbb625b0f009e6ecbcdaedf025fd51d 8219a6f1aa9dfa6a405521b6388cfd08
vfs-13-size = 120375 71746
vfs-14 = d9d1f16f60eda39879a648f33e771dee 73a7b085efa28f36ee54b0ed6a85a980
vfs-14-size = 121540 72467
vfs-15 = 9e3259cfbf0429987ed85ec190c7bf4d f085853f12ec42ebc280c45ce5d395d4
vfs-15-size = 121497 72401
vfs-16 = 5998b0c1e237ae030a8d087077d1c5bc f134865ddd99f438c57e993f90a67605
vfs-16-size = 121542 72396
vfs-17 = 963d1d8882782a195ac9aa895c503870 f6809d5ffe16bca173ae718979f66da3
vfs-17-size = 410 376
vfs-18 = 48ef591f6cef135a57cef0472f40625d 2e1d3d4928c4196f89260ca7af9a94be
vfs-18-size = 189473 113062
vfs-19 = 824f6542def445a14f4f5cf3d70d5ab1 451b43c6cb7eee3342790a381e322455
vfs-19-size = 102842 61433
vfs-20 = 29e30b8fb07a965cf7eea1c8028f9867 6f0636551223743f05c601df9d8778d8
vfs-20-size = 103325 61675
vfs-21 = 70ff00a589ce2292e57f95d0a3624bb9 9001a41fe9f7a0560d8da79c13c37635
vfs-21-size = 103973 62109
vfs-22 = dbc299739a10f87c31945c1e5c31fb51 7f5f06573d31bd392023b7523353f446
vfs-22-size = 103948 62029
vfs-23 = 9f9beb9155315f08e8f99acc9ba33e1b cd6a9d1114c44561f1b17c2c44021187
vfs-23-size = 103864 62025
vfs-24 = b39bf27349db1724b03ff75bb3031788 8e5b2a49df2cf685e117fdbd69a6adda
vfs-24-size = 127733 70109
vfs-25 = eac6b830d6820da9bd189e3fa4e64abc c83fdba0a6d26f513d58ae56a9a63be2
vfs-25-size = 4977 3410

