# Build Configuration

root = a0f2f78d4558d3c0faa4f6127fe4229d
install = fbb93194033c07e8002279a6f31cfa6f 77818f05a8b00bd51478ae5e4a6c9933
install-size = 4105765 3982511
download = 4b40bff08393f3deb8fd7ef4b4ca9cd5 fa5356a5c2baba2c34a7c7145a1ab690
download-size = 492026 452435
size = 1dc45e3373e8ed50fb23787f80edc15a cab898af66ba5b20315bf3350ce5bb9d
size-size = 311472 278092
encoding = 3461beee936954d440f58033e586a853 c2ec027195d94f8126281ed655b15d10
encoding-size = 1288099 1288270
build-name = 11.1.0.113477.dp-s11-portraits.fcf7dd180e.Filtered
build-product = Gryphon
build-uid = gryphon
build-token = c3575a31-9910-c4e9-11fb-dc5d3127315e
build-data-compatibility-hash = f085e0adc5d36b330bcd4b6b0433c670
build-data-content-hash = 08f3f2c48cd63f4027a372981bfde89d
build-full-version = 11.1.0.113477.dp-s11-portraits.fcf7dd180e
build-version = 11.1.0.113477
build-git-branch = dp-s11-portraits
build-git-commit-hash = fcf7dd180e1ba57ed84be1b75db219d6f2f88a64
vfs-root = 73b75316799ef1a8f88ce509891a5c9c 802633f75e95bc8df14748824a9b7d4d
vfs-root-size = 178 183
vfs-1 = 73b75316799ef1a8f88ce509891a5c9c 802633f75e95bc8df14748824a9b7d4d
vfs-1-size = 178 183
vfs-2 = 9769a4f8a7432adda00980556022c175 6d47a5dd6b4d038541f68b07934bbc40
vfs-2-size = 410 375
vfs-3 = 5e3f606291581e1ea3de389d0d994a25 71faba3beb0146b0b3f63c19b01f07c4
vfs-3-size = 224096 133883
vfs-4 = c37b61b746d02ca59ad6fd9bb4fa34bf 4e878a0836f1efad63d1e172ca77b821
vfs-4-size = 118658 70639
vfs-5 = c3a787eaffeaa84bc04f5621856dd217 442367e354239ccb19237bf516274bbe
vfs-5-size = 119900 71484
vfs-6 = efa1f760665809c87f55920d24c12c73 c21cf8f76cf51456b9d8200983807abd
vfs-6-size = 121066 72175
vfs-7 = c6a20f832400f13733472ce902452ecd b6cfad55e8ea083a5ee9c67adce14cff
vfs-7-size = 121012 72158
vfs-8 = 090e1ba11a4170073bdc40f0b3a09658 68f4b35005fdfe507c1bd23927b7e022
vfs-8-size = 121073 72129
vfs-9 = 6b4a33168b95339ef6dcc6bf4627f246 132729a2f4a599afaf3792f9b3fb22d9
vfs-9-size = 143721 78414
vfs-10 = 1878076287882c99bda32a209cf77fc8 faec85ec2b2e540c4306c45252f7f8fb
vfs-10-size = 4876 3346
vfs-11 = 1ef49c6401f9924cc617a1234dd39286 6b69407289c8654ac1be60a917acdc9c
vfs-11-size = 156593 87368
vfs-12 = 61a7152c5a5ab7daa771cbd4c418618e 4cdc09bc3503bf81144e84812a67563b
vfs-12-size = 342602 202556
vfs-13 = 11faf6c2ef206aa597edb5b73d1ba1fc 96249119c0c48c200529913d749224e5
vfs-13-size = 119900 71492
vfs-14 = fa15afcf0f30af636989f10d059a55b4 e05a08227c8a6b151b542cb83b386cb5
vfs-14-size = 121066 72186
vfs-15 = 4e7c6166f779d8ccf152c4087897a492 fa2443c07d0ecb8b724d1a3ccbec6dbf
vfs-15-size = 121012 72161
vfs-16 = 4930d2453dfd6d0c3c8c32258156c992 811d9cdb03e56046d5e6f34773ff6e0a
vfs-16-size = 121073 72140
vfs-17 = 6e346ee8083840cde7ef736ff2d65d19 7311ab7b47dea4771b23dbef767c82e5
vfs-17-size = 410 377
vfs-18 = 10e5298a1b815c94f070e4e047182c1c 2cba732644642d63f40b6064e59ce4d0
vfs-18-size = 224096 133882
vfs-19 = c37b61b746d02ca59ad6fd9bb4fa34bf 4e878a0836f1efad63d1e172ca77b821
vfs-19-size = 118658 70639
vfs-20 = c3a787eaffeaa84bc04f5621856dd217 442367e354239ccb19237bf516274bbe
vfs-20-size = 119900 71484
vfs-21 = efa1f760665809c87f55920d24c12c73 c21cf8f76cf51456b9d8200983807abd
vfs-21-size = 121066 72175
vfs-22 = c6a20f832400f13733472ce902452ecd b6cfad55e8ea083a5ee9c67adce14cff
vfs-22-size = 121012 72158
vfs-23 = 090e1ba11a4170073bdc40f0b3a09658 68f4b35005fdfe507c1bd23927b7e022
vfs-23-size = 121073 72129
vfs-24 = 836f64a1ccea54b20e074cee4b7386e4 deaca490fac435f43f7a4678cd3e8ec9
vfs-24-size = 143721 78461
vfs-25 = 1878076287882c99bda32a209cf77fc8 faec85ec2b2e540c4306c45252f7f8fb
vfs-25-size = 4876 3346

