# Build Configuration

root = 61fd8975e701f6f84ac118b37eee037e
install = 51c1eb71bf6a2166d3d9bbf2c5ff0e4f d11e3bfafbdbf710b6adc0bf10cace4f
install-size = 3541281 3420731
download = a3434262b5a0b61000c96ed27ed4e879 266012d84fcba22504516ad950571bc0
download-size = 439551 399396
size = de15242af47fef5ef7e572bec05458da 7d2db47a1e2036547defc2771d366056
size-size = 279094 244868
encoding = fcf17bb24b11cbcd8df478ff633db790 ccd831c5a30cbd2c9204062b70b8a76e
encoding-size = 1143619 1143794
patch-index = fa37cf24f48035d3c226bc6ecadb3fef 0520e373577709780966d0f9bdff8d79
patch-index-size = 171823 135723
patch = 1a8c51c4f4e88d8ee36e931820db8bb9
patch-size = 167505
patch-config = e158fd194a94af36bc6acbced62de837
build-name = 5.0.0.92065.m5.39ddbca7fc.Filtered
build-product = Gryphon
build-uid = gryphon
build-token = f24f75da-5269-93da-8fe9-691c4b43187c
build-data-compatibility-hash = 0e47846b6a06c56519bf0973a65bbe86
build-data-content-hash = e0a939282f41c44c0ba9df0a3ebaade6
build-full-version = 5.0.0.92065.m5.39ddbca7fc
build-version = 5.0.0.92065
build-git-branch = m5
build-git-commit-hash = 39ddbca7fcd9a14bac11cff478e215cf28fe8f04
vfs-root = 10d17040f7727f66fa38b9fb7059c83b 0e33d0e2baa991cb2e5df30490f31a19
vfs-root-size = 229 244
vfs-1 = 10d17040f7727f66fa38b9fb7059c83b 0e33d0e2baa991cb2e5df30490f31a19
vfs-1-size = 229 244
vfs-2 = a44e9b34a79b7defd90a27d4a4d297df d065dfd5dc4f15acc60007121b316846
vfs-2-size = 161169 104466
vfs-3 = 94eef01d5a9efb4b71bf75b02cfbadfc b999ece921f5f7199a0c10bb66556255
vfs-3-size = 285692 203825
vfs-4 = 45986e71c6dfed191c73d7d40e564233 be264a96afb6e79d5cf9dc0bba4b9050
vfs-4-size = 153592 107265
vfs-5 = 85f5114ada9ad0caeb4ec0234de23d97 040f2ce00e00fd89fa066b44fab5b444
vfs-5-size = 159244 111936
vfs-6 = 44c40b5927b899f4498f4e80d6db879b 6fb65173d767ab38cc2f38a99889b698
vfs-6-size = 159130 111898
vfs-7 = 2a056b79de2f3207fec802e5676f53b0 f15309a2e614770f56e2539144be20fc
vfs-7-size = 159067 111826
vfs-8 = bbd61c385934eb67888fe20cf18b6223 b9fbf42c9312d693d8994dc95c5eb588
vfs-8-size = 158861 111685
vfs-9 = 14a13a6f4d7cc210c9f84099548fb9a3 e37dcd414f45ea79541cc667c7b7cfc1
vfs-9-size = 5186 4041
vfs-10 = d1237e78e76d6e8eb669a4e66c39e7f1 01520125e5f56258e10460b52e3c7923
vfs-10-size = 174690 115025
vfs-11 = fcc6ee047d6949ad139440d4b49ef3e4 4a91675bf983760193abb94571f7af9b
vfs-11-size = 433920 306171
vfs-12 = b34617584f89321f5cd95c419cb4f06c 57a0a0223bb4b15492dfdf2192e3afd0
vfs-12-size = 158380 111132
vfs-13 = 0c625c1d9a52da972555ec993cd9b067 50e679068853a0f52ba23072348939a0
vfs-13-size = 158266 111142
vfs-14 = d0cbaa84b29aca30ad28bdc8b7ffd554 d91efda0c2bcc5bb4ba096fd136c1967
vfs-14-size = 158203 111038
vfs-15 = 804850c239b014aec1ee2821d48132af 886a3236cf2eed07d9c2fcc3892a5756
vfs-15-size = 157997 110908
vfs-16 = 08a0c0097126c8e35e3a77e53e02d814 c0cca3f75b08982d2983841c34423614
vfs-16-size = 210228 149817
vfs-17 = 29e84f06f9ca90fa208f979d9119826d cb72d3606baa4542008c9efa49586432
vfs-17-size = 285908 203992
vfs-18 = 45986e71c6dfed191c73d7d40e564233 be264a96afb6e79d5cf9dc0bba4b9050
vfs-18-size = 153592 107265
vfs-19 = 85f5114ada9ad0caeb4ec0234de23d97 040f2ce00e00fd89fa066b44fab5b444
vfs-19-size = 159244 111936
vfs-20 = 44c40b5927b899f4498f4e80d6db879b 6fb65173d767ab38cc2f38a99889b698
vfs-20-size = 159130 111898
vfs-21 = 2a056b79de2f3207fec802e5676f53b0 f15309a2e614770f56e2539144be20fc
vfs-21-size = 159067 111826
vfs-22 = bbd61c385934eb67888fe20cf18b6223 b9fbf42c9312d693d8994dc95c5eb588
vfs-22-size = 158861 111685
vfs-23 = 14a13a6f4d7cc210c9f84099548fb9a3 e37dcd414f45ea79541cc667c7b7cfc1
vfs-23-size = 5186 4041

