# Build Configuration

root = d2bb5a17630587ff74b1f942cdbcdc77
install = a9b6aaaf89594afdda7a0869102d5556 e1b2252609e7923cee11bffbe2ca9b40
install-size = 3846674 3737573
download = bb9ab48d5e834a1810a32b22c67aec7f c50030c2b5f5724497704a374b1dbc6e
download-size = 484154 446463
size = c8a325e227fa4151c17425d0fbd564b7 f293154eb30b0270392450ab9c9b2ffd
size-size = 305580 272788
encoding = f5c2a920c6416af1f773b4b1dd7e9d0f 6a8a26532cd300a8712d2ed9a53546bf
encoding-size = 1271587 1271760
build-name = 14.0.0.118585.dp-thrall-nerf.85f15ef3cb.Filtered
build-product = Gryphon
build-uid = gryphon
build-token = f0a00dee-b6dc-3e13-42d1-5eb48419811d
build-data-compatibility-hash = 4f8f326c1ae18275ba72cfa2cb6d168e
build-data-content-hash = 0729c217ccc9fc2ff612dcf62cf9776e
build-full-version = 14.0.0.118585.dp-thrall-nerf.85f15ef3cb
build-version = 14.0.0.118585
build-git-branch = dp-thrall-nerf
build-git-commit-hash = 85f15ef3cbc8d95a74972a280644b5fe92df1bba
feature-placeholder = true
vfs-root = cce4710dfdcd78c4ab477c08b186359c 6d6e2fbfcba0986b9a9c74395d0c410e
vfs-root-size = 178 184
vfs-1 = cce4710dfdcd78c4ab477c08b186359c 6d6e2fbfcba0986b9a9c74395d0c410e
vfs-1-size = 178 184
vfs-2 = 118c9ea48a281406a668104b1b744416 d928719f9a7fc34969d25a5f35d89c15
vfs-2-size = 410 379
vfs-3 = de24813d89f9386d002f9d5e2ecb82da f4560d96ca03020510f230ab40b4af77
vfs-3-size = 189473 113052
vfs-4 = 443e3d4084aa9c974f6a6aace0308f24 0649cbd69fe9106cc118f201d6e7483b
vfs-4-size = 103178 61606
vfs-5 = 922a786174fc22949fd44f43f80d4c9e 65b1a74f35ad1451dd7c4d1b4ccf66bf
vfs-5-size = 103661 61858
vfs-6 = 81e1a9fe8b164a1a014f2dbf3045111d 1da09d92d40da5f5dba0676ecaffb91b
vfs-6-size = 104309 62342
vfs-7 = 20047dbf6ec1bb482b8b45c7a7ced813 4d0d9aaca3acb8be420f39f490245b95
vfs-7-size = 104284 62216
vfs-8 = 7e9cad8d1f52de36d8226a0d26ef368b 773670c4ed4376114385b44f40d2213c
vfs-8-size = 104200 62226
vfs-9 = 44d803998fb5e81e27023bf3c636b5e4 6130712915f4ff0593d3db00bbb24e80
vfs-9-size = 134127 73324
vfs-10 = 6d808391c9df40c99ca9f4f67a988cea 895f6db748c783ab42a6922d41a562e4
vfs-10-size = 5026 3439
vfs-11 = b9b30c5e3d8273d326a6ba34f7fb9a30 636a91b3077b0bb0f429be951ce3705f
vfs-11-size = 168789 94078
vfs-12 = ec25e6054fde051c7b2bb453c2ff4681 a80dbccba815fb28065ab80268d25dde
vfs-12-size = 343412 203016
vfs-13 = 6a38c18394c2e8b7b12839e50a6f68e6 44c6fd8eace7eaa1a9d3c4922c48b006
vfs-13-size = 120711 71951
vfs-14 = f0995293d9d6541b060a58ecad343a62 b8f7b521735fe5054bcf2b8742d8d2e9
vfs-14-size = 121876 72670
vfs-15 = edebda499db7e1198b561134efefd0a3 09c9489d2dfda260306d09290beea51a
vfs-15-size = 121821 72589
vfs-16 = fbc29ad86e90d1b341b6cf4419bab4ec eded7ba6c006a8907e814dc5afcc6b57
vfs-16-size = 121878 72587
vfs-17 = 989ea34f7f7a1d4eb11748f1171ae8ce d57eaff31ba40c3ef8d4886e61d28fc0
vfs-17-size = 410 377
vfs-18 = 51f43f3fd1c6634ac96f54fdadd12cc4 d3763a0b7a0b62db4465b09af2b17f1c
vfs-18-size = 189473 113045
vfs-19 = 443e3d4084aa9c974f6a6aace0308f24 0649cbd69fe9106cc118f201d6e7483b
vfs-19-size = 103178 61606
vfs-20 = 922a786174fc22949fd44f43f80d4c9e 65b1a74f35ad1451dd7c4d1b4ccf66bf
vfs-20-size = 103661 61858
vfs-21 = 81e1a9fe8b164a1a014f2dbf3045111d 1da09d92d40da5f5dba0676ecaffb91b
vfs-21-size = 104309 62342
vfs-22 = 20047dbf6ec1bb482b8b45c7a7ced813 4d0d9aaca3acb8be420f39f490245b95
vfs-22-size = 104284 62216
vfs-23 = 7e9cad8d1f52de36d8226a0d26ef368b 773670c4ed4376114385b44f40d2213c
vfs-23-size = 104200 62226
vfs-24 = 1a4e378a99424aafa3ef3939518053e7 21be07ef08ea16f6ef172526be314a19
vfs-24-size = 134196 73399
vfs-25 = 6d808391c9df40c99ca9f4f67a988cea 895f6db748c783ab42a6922d41a562e4
vfs-25-size = 5026 3439

