# Build Configuration

root = a2ab17cd4dedc28b626b040551ab4b27
install = 084367b315bc87d598db031694bbd06d 12248195017744cd8435a5a7550c8b4f
install-size = 3808462 3699749
download = 1c2c95c0d81c6e642752a79a4451184a 535f4668276b873fca2d18f4d14bc0de
download-size = 473863 437060
size = 1a2042b4cea13b1ec3e14ee7450fd0c9 f1e03a38c0b0e9a519ec145518ff9534
size-size = 299087 266984
encoding = 13ee690a0f5951cf195bba5bc312f22d 5bff939ff7d74871bcd7d998fb6112b8
encoding-size = 1246819 1246993
build-name = 12.1.0.115955.dp-arthas-finish.fa88bcb26b.Filtered
build-product = Gryphon
build-uid = gryphon
build-token = 80bf782e-a4e9-d5dc-4064-48850f5e6979
build-data-compatibility-hash = 1fb076c102da7c60cdabb1546bb12970
build-data-content-hash = 38c9516c7a8a0b741a0801b80d4299e1
build-full-version = 12.1.0.115955.dp-arthas-finish.fa88bcb26b
build-version = 12.1.0.115955
build-git-branch = dp-arthas-finish
build-git-commit-hash = fa88bcb26b999ec045ce46854519a782a7107f99
vfs-root = e4c4e63e1da66f4ef4573ae45f7f3033 5698a8696eaf264e77a21e5e6d8532e1
vfs-root-size = 178 183
vfs-1 = e4c4e63e1da66f4ef4573ae45f7f3033 5698a8696eaf264e77a21e5e6d8532e1
vfs-1-size = 178 183
vfs-2 = 7976907253bec0c0e1d75e41fcb0cb95 b143b39f507b053d85ec7edef5ac0ca4
vfs-2-size = 410 375
vfs-3 = 8618352f21cc8137eb7c66cc8f4b2fe9 08584b191337a08cfc3aa1db8bd69616
vfs-3-size = 189473 113065
vfs-4 = 824f6542def445a14f4f5cf3d70d5ab1 451b43c6cb7eee3342790a381e322455
vfs-4-size = 102842 61433
vfs-5 = 29e30b8fb07a965cf7eea1c8028f9867 6f0636551223743f05c601df9d8778d8
vfs-5-size = 103325 61675
vfs-6 = 70ff00a589ce2292e57f95d0a3624bb9 9001a41fe9f7a0560d8da79c13c37635
vfs-6-size = 103973 62109
vfs-7 = dbc299739a10f87c31945c1e5c31fb51 7f5f06573d31bd392023b7523353f446
vfs-7-size = 103948 62029
vfs-8 = 9f9beb9155315f08e8f99acc9ba33e1b cd6a9d1114c44561f1b17c2c44021187
vfs-8-size = 103864 62025
vfs-9 = 7ecb5f6e2017bedbcf44b60dfa878901 3ba53e756260b1df888e3d8f014deb02
vfs-9-size = 126061 69247
vfs-10 = eac6b830d6820da9bd189e3fa4e64abc c83fdba0a6d26f513d58ae56a9a63be2
vfs-10-size = 4977 3410
vfs-11 = ed87b0fbc88bff93e6764370ce0d49fa c85e6cdbe22fa15c14c9bbe672123e63
vfs-11-size = 162573 90750
vfs-12 = 810806351b3d4acfbcedad9d0f912cb6 3b6756bcadead451dce6f4a6eb0dbe10
vfs-12-size = 343073 202862
vfs-13 = dcbb625b0f009e6ecbcdaedf025fd51d 8219a6f1aa9dfa6a405521b6388cfd08
vfs-13-size = 120375 71746
vfs-14 = d9d1f16f60eda39879a648f33e771dee 73a7b085efa28f36ee54b0ed6a85a980
vfs-14-size = 121540 72467
vfs-15 = 9e3259cfbf0429987ed85ec190c7bf4d f085853f12ec42ebc280c45ce5d395d4
vfs-15-size = 121497 72401
vfs-16 = 5998b0c1e237ae030a8d087077d1c5bc f134865ddd99f438c57e993f90a67605
vfs-16-size = 121542 72396
vfs-17 = ef9d9a2487bebf344324751691d5fcc1 177248395f5872e6ce77f4c4ba52deeb
vfs-17-size = 410 378
vfs-18 = 48ef591f6cef135a57cef0472f40625d 2e1d3d4928c4196f89260ca7af9a94be
vfs-18-size = 189473 113062
vfs-19 = 824f6542def445a14f4f5cf3d70d5ab1 451b43c6cb7eee3342790a381e322455
vfs-19-size = 102842 61433
vfs-20 = 29e30b8fb07a965cf7eea1c8028f9867 6f0636551223743f05c601df9d8778d8
vfs-20-size = 103325 61675
vfs-21 = 70ff00a589ce2292e57f95d0a3624bb9 9001a41fe9f7a0560d8da79c13c37635
vfs-21-size = 103973 62109
vfs-22 = dbc299739a10f87c31945c1e5c31fb51 7f5f06573d31bd392023b7523353f446
vfs-22-size = 103948 62029
vfs-23 = 9f9beb9155315f08e8f99acc9ba33e1b cd6a9d1114c44561f1b17c2c44021187
vfs-23-size = 103864 62025
vfs-24 = 2293461324996183aebda8d2589a9f0a 1bda41bbe12f6354d94c5cfa76b1dde9
vfs-24-size = 126125 69332
vfs-25 = eac6b830d6820da9bd189e3fa4e64abc c83fdba0a6d26f513d58ae56a9a63be2
vfs-25-size = 4977 3410

