# Build Configuration

root = 1c9afeebacf24c668e3259095e7a66d9
install = 475284057b94ec92e05ae5ef1a42d58c cd61dd63432794384350c3e597c73369
install-size = 4099902 3968692
download = f3794950a99aecec717909aa8e5caf7f a5b99fadaaaca1415c5154da75553b7e
download-size = 492391 452086
size = 0b4f2a4d89d7a1797827476a890cb772 56ea21066db824bd9a303db24018a0d0
size-size = 312620 278750
encoding = 61d3701c67df5786b4c97690804ad00d 47ac84b728a0c35ddd5b17a197ce9de6
encoding-size = 1279843 1280016
build-name = 11.0.0.111490.dp-anubbalance.3df8a6d80b.Filtered
build-product = Gryphon
build-uid = gryphon
build-token = bf2aff9a-03b5-0333-7a6f-deabd9ba3857
build-data-compatibility-hash = 957791bd0e705adca81b592845d82fdc
build-data-content-hash = 13ea21a8cdcf1cd75cb979197eddd439
build-full-version = 11.0.0.111490.dp-anubbalance.3df8a6d80b
build-version = 11.0.0.111490
build-git-branch = dp-anubbalance
build-git-commit-hash = 3df8a6d80bdfa9687e71f497cad3b3f0fdc14f43
vfs-root = 356cbdda616620fd728ef0d1755ba3f3 2cb4ed26ef06330756efa110dfed0d39
vfs-root-size = 178 179
vfs-1 = 356cbdda616620fd728ef0d1755ba3f3 2cb4ed26ef06330756efa110dfed0d39
vfs-1-size = 178 179
vfs-2 = 1907629ca7c5d9df6876cd3101d19e3a b95388e0d351fa9c3e8bba9c7c5dfd01
vfs-2-size = 410 375
vfs-3 = 1cf83721f3e48c588ff84afe42c7ef1a 818c408d84a5a73cad25ce2528bbfd40
vfs-3-size = 224314 134025
vfs-4 = 310a00180ef48fde3abe13e0f196aa7c 5b4626827a461b02725c75e29b8eaeca
vfs-4-size = 118317 70460
vfs-5 = bebaae972b9aba967a727fe6d0274631 305cc9a0abab104e33ea0d366f17da10
vfs-5-size = 119564 71278
vfs-6 = a9edf10f6700e417d54ceec933fa6792 6f27ecfa1bf7d2afa2bcf04eac853f35
vfs-6-size = 120724 71988
vfs-7 = f733b5a0017e199127d65e5bd3ae6f49 9913976efa01f8935f31892ce3e5475a
vfs-7-size = 120670 71938
vfs-8 = 4caf286ffd4dba3fcdf2cd983a3463ef 8253776f160be33640b9892d93223f6c
vfs-8-size = 120728 71923
vfs-9 = b5ca99d8c0fa79fa33fe923a8e119534 b411d36a19108cbf6e426f2d0b83e7fb
vfs-9-size = 142811 77871
vfs-10 = 9317dfc6861e164c9a58774ed3a29885 0c387373fd4c5e4b69f4f3739356b88a
vfs-10-size = 4694 3228
vfs-11 = 7be4c241dd111daec406a0009cc59778 b99d69be1b3ac882d02fdabf00340346
vfs-11-size = 154846 86272
vfs-12 = 60327c8e75649e6cea1c3e827c505a4f 5521f6fc335cf72808524a434326f9a4
vfs-12-size = 342260 202387
vfs-13 = 7bbc6d1381ea8496a8138ca16d5ad923 af18e7f9b8ff7c7aa788c3ef7630b64d
vfs-13-size = 119564 71290
vfs-14 = 708a3606025213ca59e928ab1d5253ed 0d6877879ce27ba75794ca06bb9fc91d
vfs-14-size = 120724 72000
vfs-15 = c23bb03ed8697a2ac1330c94fcdb2271 a90a6c8610122267ea1507372dee9f5a
vfs-15-size = 120670 71957
vfs-16 = ccac9edccf00f1cc0c5565f5f8a5a8fb fa34ed021cdfd28a0b8aa0d724b6124e
vfs-16-size = 120728 71931
vfs-17 = 2f38311bf426e37cd1d525f745277b77 55ba89341faa77a7fe4c77b37187e5ef
vfs-17-size = 410 375
vfs-18 = 3df7722cbc03dc8d1288cde4aeab92e9 4f65216edc1e292f889ceb65889224fc
vfs-18-size = 224096 133888
vfs-19 = 310a00180ef48fde3abe13e0f196aa7c 5b4626827a461b02725c75e29b8eaeca
vfs-19-size = 118317 70460
vfs-20 = bebaae972b9aba967a727fe6d0274631 305cc9a0abab104e33ea0d366f17da10
vfs-20-size = 119564 71278
vfs-21 = a9edf10f6700e417d54ceec933fa6792 6f27ecfa1bf7d2afa2bcf04eac853f35
vfs-21-size = 120724 71988
vfs-22 = f733b5a0017e199127d65e5bd3ae6f49 9913976efa01f8935f31892ce3e5475a
vfs-22-size = 120670 71938
vfs-23 = 4caf286ffd4dba3fcdf2cd983a3463ef 8253776f160be33640b9892d93223f6c
vfs-23-size = 120728 71923
vfs-24 = 0e4cf967ccb3a35478830970095b6a70 e304d92f394f2da56b231c8186030c8a
vfs-24-size = 142811 77862
vfs-25 = 9317dfc6861e164c9a58774ed3a29885 0c387373fd4c5e4b69f4f3739356b88a
vfs-25-size = 4694 3228

