# Build Configuration

root = a2db7d40ae5f605dd0472fedc1287b5e
install = eee2670a702fbec24ceac1d14a627507 a12d24d6aadd8661b0c3305f33f16a3d
install-size = 3836811 3729258
download = 1d370031800e74275bfeb61ca21592ac ed1999e0590667c0a32cdec860c102a5
download-size = 484091 446637
size = 7302942d36c6a78a15fda01b19212b5f 73eee5eeae5b400c04b742797ed2d02d
size-size = 305535 272885
encoding = cf1035a06ad292c6a976043644a0f3aa 8988f97962395885496c51e41eddc522
encoding-size = 1271587 1271761
build-name = 15.1.0.118963.dp-s19-winter.027af0fc34.Filtered
build-product = Gryphon
build-uid = gryphon
build-token = e77ab266-bec4-9ab9-f49f-7c779a1c8a04
build-data-compatibility-hash = 3215561a753f2948756532193f64bab7
build-data-content-hash = 089709be74611055d3f8af438190d362
build-full-version = 15.1.0.118963.dp-s19-winter.027af0fc34
build-version = 15.1.0.118963
build-git-branch = dp-s19-winter
build-git-commit-hash = 027af0fc347ce8f5d2fd6dac1f2291733e61a5d5
feature-placeholder = true
vfs-root = 9edb4c6ad76a13f929c4fd0825c777cf 2654f917d514de2f91c8a9518addb734
vfs-root-size = 178 184
vfs-1 = 9edb4c6ad76a13f929c4fd0825c777cf 2654f917d514de2f91c8a9518addb734
vfs-1-size = 178 184
vfs-2 = a5ee0b8a4a7839b8aa1c6e461ffc7c26 5ad3a78c77668904a3efac9e939fc817
vfs-2-size = 410 379
vfs-3 = db3488aabeb8c6a362e2f5e75ffa0758 c8a11f55d3037a1d14689e41bed85fb5
vfs-3-size = 189473 113052
vfs-4 = fd137fbb5d0d97f87b93a47bba69c765 5640cde3da1b3f995e244abb3cdcb671
vfs-4-size = 102163 61036
vfs-5 = e2ec7a8bc7c77d2a7eb4c8b0e9b1fd9e d1c1b4f8200f0647d588608f1b019fb9
vfs-5-size = 102663 61300
vfs-6 = 94472cce9c157eda90541f7770cb63af c5282a2f50b02c4da308fa50fc0cc8c4
vfs-6-size = 103604 61915
vfs-7 = 28eb3fc60a428bab79790defd5fc6a06 b7231a878f1cfdbc8ff4eee935000ed7
vfs-7-size = 103591 61878
vfs-8 = 5e65fe9030473a06ad780aa2351410fc cc1c9464c5349f5d49098df326f06936
vfs-8-size = 103514 61852
vfs-9 = e1f0a4f3be0ac689dfb561e756d85db3 6bbb6c78cef258aaa1ab77f736eeb044
vfs-9-size = 134308 73963
vfs-10 = 6d808391c9df40c99ca9f4f67a988cea 895f6db748c783ab42a6922d41a562e4
vfs-10-size = 5026 3439
vfs-11 = ef9bd129d4b967f46a7c1ab0b47845fe 7f73e27b45df1bc0b70942c3633ef6c4
vfs-11-size = 170338 95032
vfs-12 = f66b7590693c3f087d4e77c0742be4fa 8794682eb2868fcf0a316b46c9a86907
vfs-12-size = 343412 203015
vfs-13 = 6a38c18394c2e8b7b12839e50a6f68e6 44c6fd8eace7eaa1a9d3c4922c48b006
vfs-13-size = 120711 71951
vfs-14 = c973b584f6d2c622f0f10bd7d199891c 9e10d3b19f335010b55d791fafbf36f7
vfs-14-size = 122157 72806
vfs-15 = 02e5cc19c5f09c35684003a429b0cd76 3b6f5ebb77af75ab56e620289eb14aba
vfs-15-size = 122104 72779
vfs-16 = a0673cc9406bf6d021b512032dbef6f7 55376c2aa1745260fe2f1a12bba2db83
vfs-16-size = 122153 72732
vfs-17 = 894389576ade09c1cce030a43307b6ce c75cbf754b6dd7944aaad6f69f200815
vfs-17-size = 410 377
vfs-18 = fc1b1f50c6c7cf1c98b6db65b30e10ff 018ec0927adfb1af3581cffe9c83892c
vfs-18-size = 189473 113043
vfs-19 = fd137fbb5d0d97f87b93a47bba69c765 5640cde3da1b3f995e244abb3cdcb671
vfs-19-size = 102163 61036
vfs-20 = e2ec7a8bc7c77d2a7eb4c8b0e9b1fd9e d1c1b4f8200f0647d588608f1b019fb9
vfs-20-size = 102663 61300
vfs-21 = 94472cce9c157eda90541f7770cb63af c5282a2f50b02c4da308fa50fc0cc8c4
vfs-21-size = 103604 61915
vfs-22 = 28eb3fc60a428bab79790defd5fc6a06 b7231a878f1cfdbc8ff4eee935000ed7
vfs-22-size = 103591 61878
vfs-23 = 5e65fe9030473a06ad780aa2351410fc cc1c9464c5349f5d49098df326f06936
vfs-23-size = 103514 61852
vfs-24 = 31589d392f4f8d25300845347e81fe63 08cab1cabedd69427a4df07d5b17fe7e
vfs-24-size = 130773 72066
vfs-25 = 6d808391c9df40c99ca9f4f67a988cea 895f6db748c783ab42a6922d41a562e4
vfs-25-size = 5026 3439

