# Build Configuration

root = a2ab17cd4dedc28b626b040551ab4b27
install = 1d6528a3f5e1cd19d5659152bd6e54f5 f96d09b13a9aa7b36dffee03dd953b6b
install-size = 3808174 3699422
download = 65938442e37d609a5daa2bd9201a9302 04379ee9552d51e8ddf5b84b53df69e1
download-size = 473712 436914
size = 9f97379a4e8b042f0c2c0ffea6b63db8 84601dfd9d412c9dea7a7f67ae056021
size-size = 298990 266860
encoding = 7de223dcff7995fa9cbfec937dc0fea1 add705e95b3268b33d50afe84c927119
encoding-size = 1246819 1246993
build-name = 12.1.0.115823.dp-s13-hotfix.1b77ec0d92.Filtered
build-product = Gryphon
build-uid = gryphon
build-token = 7802278c-6d57-3813-2c95-41b5e7d2080e
build-data-compatibility-hash = 1fb076c102da7c60cdabb1546bb12970
build-data-content-hash = 6f550e1db24d2ba7bc3cdb1f2219b01c
build-full-version = 12.1.0.115823.dp-s13-hotfix.1b77ec0d92
build-version = 12.1.0.115823
build-git-branch = dp-s13-hotfix
build-git-commit-hash = 1b77ec0d92325f58187977aa072f9d67ce0150e0
vfs-root = d1c666e25c567cc75a2f0f81f0a5b3d3 b8724e0a6c056128c4b7fc3cd3bfd940
vfs-root-size = 178 183
vfs-1 = d1c666e25c567cc75a2f0f81f0a5b3d3 b8724e0a6c056128c4b7fc3cd3bfd940
vfs-1-size = 178 183
vfs-2 = 19cf2e5e55b7ac19c1225bb91fa24e8e cb5936164665319c01485496dd1e3e0a
vfs-2-size = 410 376
vfs-3 = 8618352f21cc8137eb7c66cc8f4b2fe9 08584b191337a08cfc3aa1db8bd69616
vfs-3-size = 189473 113065
vfs-4 = 824f6542def445a14f4f5cf3d70d5ab1 451b43c6cb7eee3342790a381e322455
vfs-4-size = 102842 61433
vfs-5 = 29e30b8fb07a965cf7eea1c8028f9867 6f0636551223743f05c601df9d8778d8
vfs-5-size = 103325 61675
vfs-6 = 70ff00a589ce2292e57f95d0a3624bb9 9001a41fe9f7a0560d8da79c13c37635
vfs-6-size = 103973 62109
vfs-7 = dbc299739a10f87c31945c1e5c31fb51 7f5f06573d31bd392023b7523353f446
vfs-7-size = 103948 62029
vfs-8 = 9f9beb9155315f08e8f99acc9ba33e1b cd6a9d1114c44561f1b17c2c44021187
vfs-8-size = 103864 62025
vfs-9 = a947d3473f86225b4812f44d6051d566 f07fe5e1751b5d4e86e0217221e55117
vfs-9-size = 125903 69158
vfs-10 = eac6b830d6820da9bd189e3fa4e64abc c83fdba0a6d26f513d58ae56a9a63be2
vfs-10-size = 4977 3410
vfs-11 = 227868e8b713fd2036cf37c46fcc8ce1 7658878cce7dd40574e1ae9e14a48bc7
vfs-11-size = 162573 90764
vfs-12 = 810806351b3d4acfbcedad9d0f912cb6 3b6756bcadead451dce6f4a6eb0dbe10
vfs-12-size = 343073 202862
vfs-13 = dcbb625b0f009e6ecbcdaedf025fd51d 8219a6f1aa9dfa6a405521b6388cfd08
vfs-13-size = 120375 71746
vfs-14 = d9d1f16f60eda39879a648f33e771dee 73a7b085efa28f36ee54b0ed6a85a980
vfs-14-size = 121540 72467
vfs-15 = 9e3259cfbf0429987ed85ec190c7bf4d f085853f12ec42ebc280c45ce5d395d4
vfs-15-size = 121497 72401
vfs-16 = 5998b0c1e237ae030a8d087077d1c5bc f134865ddd99f438c57e993f90a67605
vfs-16-size = 121542 72396
vfs-17 = ed7ef427b2f42c5793c259e5d8d67e73 26ec211ddc888c65d524f657609bf026
vfs-17-size = 410 378
vfs-18 = 48ef591f6cef135a57cef0472f40625d 2e1d3d4928c4196f89260ca7af9a94be
vfs-18-size = 189473 113062
vfs-19 = 824f6542def445a14f4f5cf3d70d5ab1 451b43c6cb7eee3342790a381e322455
vfs-19-size = 102842 61433
vfs-20 = 29e30b8fb07a965cf7eea1c8028f9867 6f0636551223743f05c601df9d8778d8
vfs-20-size = 103325 61675
vfs-21 = 70ff00a589ce2292e57f95d0a3624bb9 9001a41fe9f7a0560d8da79c13c37635
vfs-21-size = 103973 62109
vfs-22 = dbc299739a10f87c31945c1e5c31fb51 7f5f06573d31bd392023b7523353f446
vfs-22-size = 103948 62029
vfs-23 = 9f9beb9155315f08e8f99acc9ba33e1b cd6a9d1114c44561f1b17c2c44021187
vfs-23-size = 103864 62025
vfs-24 = 7aa0ffa7ab2e2468a9d69ed6c2db26ce 203a6d9698b88d15e63092cc73a8f2e5
vfs-24-size = 125967 69223
vfs-25 = eac6b830d6820da9bd189e3fa4e64abc c83fdba0a6d26f513d58ae56a9a63be2
vfs-25-size = 4977 3410

