# Build Configuration

root = eda3e377721b342d44f9e9c63c17ded5
install = c5a96f0442774abef3684ca8b3268a1e 024ee745cc43cab18c699bb708824443
install-size = 3779318 3671917
download = 4b53fcce89c48b9c069f08c8b728eaff 200df308024de444a22775e873a8ada1
download-size = 466453 430264
size = 69690d4ae8986261236bc1a00f08262a 32b1a2a028c6d9a787fc7656f6131640
size-size = 294413 262625
encoding = a85929f992bd00e869208f0f42709704 73536e73a0f2d46c0918b7e2e8674973
encoding-size = 1226179 1226351
build-name = 11.2.0.114303.dp-diff-fix0.c8fc349d54.Filtered
build-product = Gryphon
build-uid = gryphon
build-token = 7574ca7f-f1f1-5717-5124-2c7d55a5ad31
build-data-compatibility-hash = 204b6dbed0fccbdd0f89f9d90207170a
build-data-content-hash = eaa34647986cd265e879b71347d824f7
build-full-version = 11.2.0.114303.dp-diff-fix0.c8fc349d54
build-version = 11.2.0.114303
build-git-branch = dp-diff-fix0
build-git-commit-hash = c8fc349d5432b9eb826a93104a65acbd86014ff9
vfs-root = 04de3f95de8886ab61382bb97ea4a6e5 fda1435da2e1fa4545fbd2c69f513171
vfs-root-size = 178 183
vfs-1 = 04de3f95de8886ab61382bb97ea4a6e5 fda1435da2e1fa4545fbd2c69f513171
vfs-1-size = 178 183
vfs-2 = 758c79c5915e895cc41eda9b446230e1 05885d0bcd4a9128c684700c872668c8
vfs-2-size = 410 378
vfs-3 = 2ad184ed6d6347777406fee1014ebb3d 615367692e41f093877cd3d233fbdcee
vfs-3-size = 189473 113051
vfs-4 = 789794977067354de04f51d286972ece c127efb6d505ef4b5486dc7710142bbc
vfs-4-size = 102365 61089
vfs-5 = 4958f4767b12853a150c5726ae6ac1fe c37f26193d3202cbe26d1626d556741f
vfs-5-size = 102848 61376
vfs-6 = 4fcfce444a52e2ed92e17a7ec5158db1 d4bb4cfa93843b0902b948c426e5deb3
vfs-6-size = 103499 61815
vfs-7 = 1f76a839b03a28104a4ee6107f0a6769 376f65380cfe91850e39435a945a7193
vfs-7-size = 103451 61733
vfs-8 = f13f701bb806765da7185b1eb0d690bf 3f9c91aba6f910aea1c9f40d7ec98de8
vfs-8-size = 103395 61765
vfs-9 = 16ba3dd19183fc65f7c0f556c28e88b8 ea885b73dc65b3984a595563dd11282a
vfs-9-size = 120871 66512
vfs-10 = 9e14c9c11b5b9d5c4275118249999315 7f21a73a9f27778856b110b222bd2128
vfs-10-size = 4928 3373
vfs-11 = 5abc5e10e3a01c093d7187184654b2c8 3affce25a4aea4edfd4a14dc2e032daf
vfs-11-size = 158856 88657
vfs-12 = f9b63c1ca7817ccbb88457a553a03624 8cef5f08a221fa31a448b586ad7c91b6
vfs-12-size = 342602 202598
vfs-13 = 14120e27df6239661336e7f747e8724a 6a205ce3aff4695249a3840d306a25a0
vfs-13-size = 119900 71478
vfs-14 = 4815247d2bb6565446ba62a0919e33ea 59c6891bb2409f457cef583d02820a24
vfs-14-size = 121066 72171
vfs-15 = 53ca98fe0b1baced79dcf8158fed6ce4 1eef3943ded1e209f7469f6d9e22b134
vfs-15-size = 121012 72146
vfs-16 = 6fecae2cf5dd128dd8404613b7b12911 211d27635231e9b0366212b8fa71ef8f
vfs-16-size = 121073 72136
vfs-17 = 338ab0e7e314ab95d25013788a4d713d 1513efe1844d81035b316f403b68d03d
vfs-17-size = 410 376
vfs-18 = 9c58f17b77525cb992b2078287a091c9 591352a1aa5cdead6a69f3afdcb820eb
vfs-18-size = 189473 113060
vfs-19 = 789794977067354de04f51d286972ece c127efb6d505ef4b5486dc7710142bbc
vfs-19-size = 102365 61089
vfs-20 = 4958f4767b12853a150c5726ae6ac1fe c37f26193d3202cbe26d1626d556741f
vfs-20-size = 102848 61376
vfs-21 = 4fcfce444a52e2ed92e17a7ec5158db1 d4bb4cfa93843b0902b948c426e5deb3
vfs-21-size = 103499 61815
vfs-22 = 1f76a839b03a28104a4ee6107f0a6769 376f65380cfe91850e39435a945a7193
vfs-22-size = 103451 61733
vfs-23 = f13f701bb806765da7185b1eb0d690bf 3f9c91aba6f910aea1c9f40d7ec98de8
vfs-23-size = 103395 61765
vfs-24 = 4189a8e4afe22cd067cf055d11913f88 1842a8ffc040455cc146090e96d82bca
vfs-24-size = 120871 66517
vfs-25 = 9e14c9c11b5b9d5c4275118249999315 7f21a73a9f27778856b110b222bd2128
vfs-25-size = 4928 3373

