# Build Configuration

root = e1c52b7cd91c6c111af32310b175bb83
install = 76180655cf4c1897524e772cd61f9072 0e2827f101014cc6002513fb4068237e
install-size = 1827814 1752300
download = aeeadc6ae7ca920f7589ecb1192fab45 171213bab7a43d242a3f7730d8f7f962
download-size = 358652 329158
size = 388d7f3b2d3ccad6ced40e2684a50d3c 6719470399b5e2b8af9bdc3c52ddb24c
size-size = 227094 201966
encoding = dd19850e0d4a7dcd476ebe9792ab18c4 4ef3ee24e4d9068d91039fd24325ffd3
encoding-size = 937218 937388
build-name = 8.5.0.106504.dp-ysera-ticket-text.c07bad1921.Filtered
build-product = Gryphon
build-uid = gryphon
build-token = 9e6bb637-c8f4-011a-3c5d-6c24bc660cc0
build-data-compatibility-hash = a192924fda9ef05e02d0d952e9f994c2
build-data-content-hash = f94d2de10df4a823528d96e6f02458a5
build-full-version = 8.5.0.106504.dp-ysera-ticket-text.c07bad1921
build-version = 8.5.0.106504
build-git-branch = dp-ysera-ticket-text
build-git-commit-hash = c07bad1921bb296f9cc85bac891ddf1221ce76b1
vfs-root = b6054faa5d8cb052c8a3540e9d132216 c75cd9f47e2ea106daad748bdce990fd
vfs-root-size = 139 153
vfs-1 = b6054faa5d8cb052c8a3540e9d132216 c75cd9f47e2ea106daad748bdce990fd
vfs-1-size = 139 153
vfs-2 = 76b2a41fbe66326b3bad932b2effa883 5678e8356c25d25ec85b4a99cfc97715
vfs-2-size = 146213 79105
vfs-3 = 1048138f94e905b1f846f306fa8569e7 28aa30f8983c27158991ec3b1e064ca4
vfs-3-size = 224175 133888
vfs-4 = 623934988c84680014354823fa8b6e9e ca36d657d7476721b9c7c08827f5ee74
vfs-4-size = 116551 69459
vfs-5 = ef3432d559a5ad5037803ef52f8fb509 6348b43a04aeb2319565a7b988951826
vfs-5-size = 117806 70249
vfs-6 = 2e3f5c124f389775f6e459aba14b45d8 dce7d10a49e36be97ca7c10807893ce4
vfs-6-size = 117802 70316
vfs-7 = 826b036c87b3634d7624547ada9ed40f 338befca2fd62898b6825842d9e5a11a
vfs-7-size = 117776 70322
vfs-8 = 2e726a07d2e458f09c625908ae8f5191 f9e0608b4bcff4134fb883d791dfc8aa
vfs-8-size = 117830 70257
vfs-9 = b0cb62ffeaebe770d819652b255da0e7 a2b45b0a11088220a23b2e2e8ed01a95
vfs-9-size = 4355 3051
vfs-10 = 3e484134da62a49c89ae540af9607ed8 cf15cd4b0ebd15dee25a6c6f09c11b90
vfs-10-size = 146213 79064
vfs-11 = 21d2eebf04e69c56da2b1dc47a3f44c0 307e093a156f45baa309c4f8a8290d1b
vfs-11-size = 223957 133737
vfs-12 = 623934988c84680014354823fa8b6e9e ca36d657d7476721b9c7c08827f5ee74
vfs-12-size = 116551 69459
vfs-13 = ef3432d559a5ad5037803ef52f8fb509 6348b43a04aeb2319565a7b988951826
vfs-13-size = 117806 70249
vfs-14 = 2e3f5c124f389775f6e459aba14b45d8 dce7d10a49e36be97ca7c10807893ce4
vfs-14-size = 117802 70316
vfs-15 = 826b036c87b3634d7624547ada9ed40f 338befca2fd62898b6825842d9e5a11a
vfs-15-size = 117776 70322
vfs-16 = 2e726a07d2e458f09c625908ae8f5191 f9e0608b4bcff4134fb883d791dfc8aa
vfs-16-size = 117830 70257
vfs-17 = b0cb62ffeaebe770d819652b255da0e7 a2b45b0a11088220a23b2e2e8ed01a95
vfs-17-size = 4355 3051

