# Build Configuration

root = bbb13f8a955717aac64ff134462bfb47
install = 7b7d033530c166f005ee42feae1abaad 272cced812f4fa1fd7154874d2d50f0d
install-size = 3826027 3717550
download = 2f8902bc0d643c2a1955721a993632f9 fb7156048d7c16c45dd5a86852ff8fb2
download-size = 479801 442536
size = 7ef1fc739c412ce8c12018103e756aa2 a51a8d7af42193773ba77e3509c7f127
size-size = 302829 270203
encoding = 9f83473eb830c3e66c550afdf0afd5ca 64994b612fa14aeec8a0efd55202e5c4
encoding-size = 1259203 1259378
build-name = 16.0.0.119210.dp-eventdatafix.830e73663a.Filtered
build-product = Gryphon
build-uid = gryphon
build-token = f40bd8fd-dbb3-bf56-d0b3-e9e6ce8a318e
build-data-compatibility-hash = 1d53440489f131ca9fde32bedaada124
build-data-content-hash = feac01b3be157a7f4c02b45f904afa54
build-full-version = 16.0.0.119210.dp-eventdatafix.830e73663a
build-version = 16.0.0.119210
build-git-branch = dp-eventdatafix
build-git-commit-hash = 830e73663a75f7abcfc3eb7c082f530ff4dfb614
feature-placeholder = true
vfs-root = c06ab61926622653f390bae9bbdfd22b eb74640b96f0ccf082ad29d205525d6c
vfs-root-size = 178 184
vfs-1 = c06ab61926622653f390bae9bbdfd22b eb74640b96f0ccf082ad29d205525d6c
vfs-1-size = 178 184
vfs-2 = b2479a1db45599ee7af73ce19577aa29 8f30c3923b3807a2f088af059c5bd3c9
vfs-2-size = 410 379
vfs-3 = db3488aabeb8c6a362e2f5e75ffa0758 c8a11f55d3037a1d14689e41bed85fb5
vfs-3-size = 189473 113052
vfs-4 = fd137fbb5d0d97f87b93a47bba69c765 5640cde3da1b3f995e244abb3cdcb671
vfs-4-size = 102163 61036
vfs-5 = e2ec7a8bc7c77d2a7eb4c8b0e9b1fd9e d1c1b4f8200f0647d588608f1b019fb9
vfs-5-size = 102663 61300
vfs-6 = 94472cce9c157eda90541f7770cb63af c5282a2f50b02c4da308fa50fc0cc8c4
vfs-6-size = 103604 61915
vfs-7 = 28eb3fc60a428bab79790defd5fc6a06 b7231a878f1cfdbc8ff4eee935000ed7
vfs-7-size = 103591 61878
vfs-8 = 5e65fe9030473a06ad780aa2351410fc cc1c9464c5349f5d49098df326f06936
vfs-8-size = 103514 61852
vfs-9 = 680815dc96c5af222a3870e2d8d0345b 3ed558830fb14f292d48288565713f09
vfs-9-size = 127635 70354
vfs-10 = 6d808391c9df40c99ca9f4f67a988cea 895f6db748c783ab42a6922d41a562e4
vfs-10-size = 5026 3439
vfs-11 = 3be7c87f2bf93f1d5f866952630e40b3 6b85667a03a8c766107dd3d46d3fe243
vfs-11-size = 170576 95210
vfs-12 = f66b7590693c3f087d4e77c0742be4fa 8794682eb2868fcf0a316b46c9a86907
vfs-12-size = 343412 203015
vfs-13 = 6a38c18394c2e8b7b12839e50a6f68e6 44c6fd8eace7eaa1a9d3c4922c48b006
vfs-13-size = 120711 71951
vfs-14 = c973b584f6d2c622f0f10bd7d199891c 9e10d3b19f335010b55d791fafbf36f7
vfs-14-size = 122157 72806
vfs-15 = 02e5cc19c5f09c35684003a429b0cd76 3b6f5ebb77af75ab56e620289eb14aba
vfs-15-size = 122104 72779
vfs-16 = a0673cc9406bf6d021b512032dbef6f7 55376c2aa1745260fe2f1a12bba2db83
vfs-16-size = 122153 72732
vfs-17 = 938e4b658065beb36621f9b339c8edda baf6cdb9ddfec90420067c51e0cf0ea8
vfs-17-size = 410 377
vfs-18 = fc1b1f50c6c7cf1c98b6db65b30e10ff 018ec0927adfb1af3581cffe9c83892c
vfs-18-size = 189473 113043
vfs-19 = fd137fbb5d0d97f87b93a47bba69c765 5640cde3da1b3f995e244abb3cdcb671
vfs-19-size = 102163 61036
vfs-20 = e2ec7a8bc7c77d2a7eb4c8b0e9b1fd9e d1c1b4f8200f0647d588608f1b019fb9
vfs-20-size = 102663 61300
vfs-21 = 94472cce9c157eda90541f7770cb63af c5282a2f50b02c4da308fa50fc0cc8c4
vfs-21-size = 103604 61915
vfs-22 = 28eb3fc60a428bab79790defd5fc6a06 b7231a878f1cfdbc8ff4eee935000ed7
vfs-22-size = 103591 61878
vfs-23 = 5e65fe9030473a06ad780aa2351410fc cc1c9464c5349f5d49098df326f06936
vfs-23-size = 103514 61852
vfs-24 = c45720273c388a6b6c241b541bbd7f19 84d9b9ec0b23348195d0889ee9d9a074
vfs-24-size = 127689 70383
vfs-25 = 6d808391c9df40c99ca9f4f67a988cea 895f6db748c783ab42a6922d41a562e4
vfs-25-size = 5026 3439

