# Build Configuration

root = 6cd324715c8bfa6c238641002cf41379
install = 908f7afa87039aedeeb3c1fac4e12425 e804b6a33e224c2f37399e58838844db
install-size = 1827684 1752166
download = 60f6c7accde1fbf3ec0f4ca62dca683a 7c8f18afac0a6f30d9fadc95af954d25
download-size = 358326 328880
size = 64c2d8deeb2c078e1f3705f57936aa69 5eedfa5db70e7b3508d81e0ef5087fb7
size-size = 226885 201902
encoding = 8f2b06b67db04c53a4e7c83420b704c7 486808ec79e2d231c6a22a30442f415c
encoding-size = 937218 937388
build-name = 8.5.0.106246.dp-batlings-equip.988cfd9237.Filtered
build-product = Gryphon
build-uid = gryphon
build-token = 02f25f0d-4aa7-8a54-2788-f7f7f499be44
build-data-compatibility-hash = 2abeb5be4e3455227b9c417195a793b5
build-data-content-hash = 0daa99f4e283571a5d5a0b41fffa0861
build-full-version = 8.5.0.106246.dp-batlings-equip.988cfd9237
build-version = 8.5.0.106246
build-git-branch = dp-batlings-equip
build-git-commit-hash = 988cfd92379fc1be791954c8934261d2d4b53bd4
vfs-root = 90326893f49f7b1216f912f80fc355bd 112ca0f7c37c81da696d98a84c475693
vfs-root-size = 139 152
vfs-1 = 90326893f49f7b1216f912f80fc355bd 112ca0f7c37c81da696d98a84c475693
vfs-1-size = 139 152
vfs-2 = 8d9179111f0ca9d42827e5db65a9126c 82048070ebded1c85c7d7953faea3697
vfs-2-size = 145904 78951
vfs-3 = 1048138f94e905b1f846f306fa8569e7 28aa30f8983c27158991ec3b1e064ca4
vfs-3-size = 224175 133888
vfs-4 = 623934988c84680014354823fa8b6e9e ca36d657d7476721b9c7c08827f5ee74
vfs-4-size = 116551 69459
vfs-5 = ef3432d559a5ad5037803ef52f8fb509 6348b43a04aeb2319565a7b988951826
vfs-5-size = 117806 70249
vfs-6 = 2e3f5c124f389775f6e459aba14b45d8 dce7d10a49e36be97ca7c10807893ce4
vfs-6-size = 117802 70316
vfs-7 = 826b036c87b3634d7624547ada9ed40f 338befca2fd62898b6825842d9e5a11a
vfs-7-size = 117776 70322
vfs-8 = 2e726a07d2e458f09c625908ae8f5191 f9e0608b4bcff4134fb883d791dfc8aa
vfs-8-size = 117830 70257
vfs-9 = f5f797e895ee4f9e8159c22d80c31566 6d8428794ef0723f60796d76ba513979
vfs-9-size = 4311 3019
vfs-10 = 10017d23d462b1338da18c54078cd951 6880ca3137ed850a43fb953e321dae7f
vfs-10-size = 145904 78902
vfs-11 = 21d2eebf04e69c56da2b1dc47a3f44c0 307e093a156f45baa309c4f8a8290d1b
vfs-11-size = 223957 133737
vfs-12 = 623934988c84680014354823fa8b6e9e ca36d657d7476721b9c7c08827f5ee74
vfs-12-size = 116551 69459
vfs-13 = ef3432d559a5ad5037803ef52f8fb509 6348b43a04aeb2319565a7b988951826
vfs-13-size = 117806 70249
vfs-14 = 2e3f5c124f389775f6e459aba14b45d8 dce7d10a49e36be97ca7c10807893ce4
vfs-14-size = 117802 70316
vfs-15 = 826b036c87b3634d7624547ada9ed40f 338befca2fd62898b6825842d9e5a11a
vfs-15-size = 117776 70322
vfs-16 = 2e726a07d2e458f09c625908ae8f5191 f9e0608b4bcff4134fb883d791dfc8aa
vfs-16-size = 117830 70257
vfs-17 = f5f797e895ee4f9e8159c22d80c31566 6d8428794ef0723f60796d76ba513979
vfs-17-size = 4311 3019

