# Build Configuration

root = a1b2f401dc407c27fa394ca63c4b48d6
install = 815caa0c05f7451ad954922b2fd9608e 2b2cd4e8fb65e0df8e925f0b153b6ee3
install-size = 1743679 1665962
download = eb1bb4c914ff12965455020d92c8afa5 a4d8e7a4efa809381cb19547b63f03c9
download-size = 314488 285653
size = b6a6ddaf586b6d1b9f011d23ec9f43d1 cddc4a80a0d5ede0e66db7a5f8d7f502
size-size = 199148 174513
encoding = cc2a550f413865243985e50898124871 6fe88df47138a3251dcdab6db8c27bc5
encoding-size = 821634 821806
build-name = 4.5.0.89232.dp-firststrike.196b6fc402.Filtered
build-product = Gryphon
build-uid = gryphon
build-token = 63b6119f-41b7-d63c-64ed-f24e6716fb22
build-data-compatibility-hash = 5af3308d3606691d78fe714ecd01c4e2
build-data-content-hash = 1a4bf9a8316b1ae07e9d8fec7d36b0ed
build-full-version = 4.5.0.89232.dp-firststrike.196b6fc402
build-version = 4.5.0.89232
build-git-branch = dp-firststrike
build-git-commit-hash = 196b6fc402396314b8908a40d7dc446f162cecdd
vfs-root = f8aecef505c24d21b00852bdb9028d94 0b0a22d602315dda3e933dcb1386c92d
vfs-root-size = 139 154
vfs-1 = f8aecef505c24d21b00852bdb9028d94 0b0a22d602315dda3e933dcb1386c92d
vfs-1-size = 139 154
vfs-2 = 31329ad65a69847be100f43a24e1392e 872bd5f0cdd4724b02294461909b36ce
vfs-2-size = 120088 65189
vfs-3 = b4877e4c2b8242235bfcd9a4a8907f9a 9cc30589fa784852fb4fa98d156769ba
vfs-3-size = 207072 124124
vfs-4 = a01914430e2ddd1866961c7c8a3ef062 e7617bde03f1ded289546a6522b8e6dd
vfs-4-size = 108770 64194
vfs-5 = 8f6c168539178262c751b0bc831eafaf 1098924df91ac5a1abd1d3eaa315f8b3
vfs-5-size = 112613 66779
vfs-6 = 03a6a2e4ffd287fcb1b87ccddfc56b46 38aa99ba0fb5489b25f91b6bbdc9a4da
vfs-6-size = 112491 66860
vfs-7 = 2b0d884376c06fefe071c238072e8d95 2970e8bba9d12d92e5140bcbf2edae8a
vfs-7-size = 112446 66757
vfs-8 = 6b0e5297d2d0c9c8761870a1097d7887 d57d31a925cdcdc874fff4a466e057a4
vfs-8-size = 112308 66683
vfs-9 = 8e3ac383b43ca5fca665f672ef31acae 5a311d9596e530fe6dbdabb792772081
vfs-9-size = 3878 2713
vfs-10 = 4338fe8c776895e0b1fd87e992dea4d2 5f921f990c10a22ab4e4fd009b1c57bc
vfs-10-size = 120088 65188
vfs-11 = 056b45331123be3d324706a1be93b938 ce9946a1b4faa392bbb0d8add4e21193
vfs-11-size = 207072 124113
vfs-12 = a01914430e2ddd1866961c7c8a3ef062 e7617bde03f1ded289546a6522b8e6dd
vfs-12-size = 108770 64194
vfs-13 = 8f6c168539178262c751b0bc831eafaf 1098924df91ac5a1abd1d3eaa315f8b3
vfs-13-size = 112613 66779
vfs-14 = 03a6a2e4ffd287fcb1b87ccddfc56b46 38aa99ba0fb5489b25f91b6bbdc9a4da
vfs-14-size = 112491 66860
vfs-15 = 2b0d884376c06fefe071c238072e8d95 2970e8bba9d12d92e5140bcbf2edae8a
vfs-15-size = 112446 66757
vfs-16 = 6b0e5297d2d0c9c8761870a1097d7887 d57d31a925cdcdc874fff4a466e057a4
vfs-16-size = 112308 66683
vfs-17 = 8e3ac383b43ca5fca665f672ef31acae 5a311d9596e530fe6dbdabb792772081
vfs-17-size = 3878 2713

