# Build Configuration

root = a1b2f401dc407c27fa394ca63c4b48d6
install = 20c6f39e85babc7a0e84d915ad1f315a 69762974dbf8aed65701fc80ee5be679
install-size = 1743679 1665950
download = 70ac50e825b4559872ac1640542fa319 d04b1a4df2e97011c50099dae1846b02
download-size = 314488 285560
size = f5de661517a65bfcc2488a86df3331ae cb739a4dd4bca44b875e068471aa60f1
size-size = 199148 174404
encoding = ceedf2e9dfcf085eef5d954f5e5e606a 49bddb100f6cd94be0e7c4d6ecd06cf9
encoding-size = 821634 821806
patch-index = 3cc655e249778dac75d8d2bc00c4f490 dcae313ad6b8866af5d04e902cb1b860
patch-index-size = 1694 1653
patch = ff3ba00e8ae1934bcdca690855038466
patch-size = 1821
patch-config = 5d8d702e7b79655abb90e224a85e0f44
build-name = 4.5.0.89480.dp-tome.42dffdfc2e.Filtered
build-product = Gryphon
build-uid = gryphon
build-token = 25bc3f59-bcf5-4d74-92a0-9653d6b53cb0
build-data-compatibility-hash = 5af3308d3606691d78fe714ecd01c4e2
build-data-content-hash = ae09517e0fb8fbe695d740cf8298a52c
build-full-version = 4.5.0.89480.dp-tome.42dffdfc2e
build-version = 4.5.0.89480
build-git-branch = dp-tome
build-git-commit-hash = 42dffdfc2e1ada9e68b432087da5ae83ab3a9b2e
vfs-root = a35263d4cf454bc3bf8c304cc7e58436 7b8b94f5a7ca844eda739ffcdbe84786
vfs-root-size = 173 194
vfs-1 = a35263d4cf454bc3bf8c304cc7e58436 7b8b94f5a7ca844eda739ffcdbe84786
vfs-1-size = 173 194
vfs-2 = 7f0388c234b541ba1c0e38b11852a47e ef029924983909ced25c9a7d181d8b28
vfs-2-size = 159643 103745
vfs-3 = 252d6e63831e8a573edcbfaba42cc92b 9091f0f9835af1ab6f38059e28a4f25a
vfs-3-size = 279390 198332
vfs-4 = 4bca0102ad22c329665438d038f0b89a a21a72770fed750168a8456cd1634e58
vfs-4-size = 148034 102973
vfs-5 = c7925472b29d0103d3b81fca14e74c4d e48223623c156e7e92bcedd2e61cd562
vfs-5-size = 153611 107062
vfs-6 = 6c870ddf0ac7927ed60442493be62d84 e7525b44f705496feda2634ef718a3f1
vfs-6-size = 153504 107067
vfs-7 = d8ac446fcfd20a59f678b65ee03805a3 fd11ce665fd376aa673289bba74b82c5
vfs-7-size = 153441 106978
vfs-8 = ed01e5cf0a46a2acdb6a978e78366a37 af73bd219a5d943f42c0e27723bce4b1
vfs-8-size = 153231 106855
vfs-9 = b1a627f0bf53e6bb76e0a9a8cb952aa1 ca23e726e6ca8aa9f1200810f8401cb5
vfs-9-size = 5119 3987
vfs-10 = 6a8a4ba7d5b971e787cd8a3143bd8e17 be8dd029260b43ab48f44234516701a9
vfs-10-size = 158914 103016
vfs-11 = 1250ad0bcb3079979ddc71705db58690 4701916f813d236ae0008a67828eb4fe
vfs-11-size = 279390 198327
vfs-12 = 4bca0102ad22c329665438d038f0b89a a21a72770fed750168a8456cd1634e58
vfs-12-size = 148034 102973
vfs-13 = c7925472b29d0103d3b81fca14e74c4d e48223623c156e7e92bcedd2e61cd562
vfs-13-size = 153611 107062
vfs-14 = 6c870ddf0ac7927ed60442493be62d84 e7525b44f705496feda2634ef718a3f1
vfs-14-size = 153504 107067
vfs-15 = d8ac446fcfd20a59f678b65ee03805a3 fd11ce665fd376aa673289bba74b82c5
vfs-15-size = 153441 106978
vfs-16 = ed01e5cf0a46a2acdb6a978e78366a37 af73bd219a5d943f42c0e27723bce4b1
vfs-16-size = 153231 106855
vfs-17 = b1a627f0bf53e6bb76e0a9a8cb952aa1 ca23e726e6ca8aa9f1200810f8401cb5
vfs-17-size = 5119 3987

