# Build Configuration

root = 3a5bc6c96e10ce16b1c437c04eea1ed6
install = 36cf5419e1353f19c8b936690cb2d83f 8437b8444deff9ce5771d2aee4b1fe4d
install-size = 1795346 1713601
download = bc0f97c9631c18075d60aab9815334b6 adc5c772ab6bf2e399d1134c206d9496
download-size = 349244 316399
size = eb2fce68d2ce52a76999f4deec46f8e0 3b29df1ddc1b97ddc4a350ac7812ec60
size-size = 221142 192994
encoding = d2c7a91cb55dbc378ce368051e0437e1 7656d113ce49ca127b3584e51ba41a09
encoding-size = 916578 916749
patch-index = c66bac16f4d689779c3238275b53393a aa0bf1ac32473e812d5a804822c5aafa
patch-index-size = 39758 31508
patch = 7305fe2503af9684efdb550b3689cdb2
patch-size = 38391
patch-config = 5f8f9f9b41595ceb8a0150739afe6082
build-name = 8.0.0.101100.dp-m8cosmglobal.809103ca57.Filtered
build-product = Gryphon
build-uid = gryphon
build-token = 67ac8213-a507-9def-5084-89ec9389741c
build-data-compatibility-hash = 316b4dde7dd722ebc7bb1698686c320d
build-data-content-hash = 8f663543f5c45386a6248011eac38c04
build-full-version = 8.0.0.101100.dp-m8cosmglobal.809103ca57
build-version = 8.0.0.101100
build-git-branch = dp-m8cosmglobal
build-git-commit-hash = 809103ca578e3037375de6555eca6a6697726a4d
vfs-root = 359087dbe3c3cd833f7b910b48a30f1d e128a48d82fc467b80b8d421cefcf49a
vfs-root-size = 173 194
vfs-1 = 359087dbe3c3cd833f7b910b48a30f1d e128a48d82fc467b80b8d421cefcf49a
vfs-1-size = 173 194
vfs-2 = 8ce19c063000c57b12976e4e3f8b728b 9e9ba083c8f78778b1ed12b415e06e79
vfs-2-size = 185231 120447
vfs-3 = 3eb4b554c9b11114ecd9a6474a8168e5 cf4bd3a7aa7edb22a5ce8b1e18a5bb43
vfs-3-size = 296424 210727
vfs-4 = fd748e71618e6cb2f6a91246b7b0f96a 4849a49d104e281f068954135a656466
vfs-4-size = 157370 110615
vfs-5 = 42239de895341942993e177adbcb1fd6 078f6f7f53a1c395cb85e5f1df6e5121
vfs-5-size = 159119 111925
vfs-6 = 8d413768335f9e3a53b44eb35431da23 d1a8f5713527e57c62aa415e9fd13479
vfs-6-size = 159030 111989
vfs-7 = e21a5af15ed7567a23deca3c3781c36f 45fb5a1a75096094f962176bc74ba9f4
vfs-7-size = 158993 111902
vfs-8 = 2d17600b13c774169083ac8cd9c21ada 8bc8ad57c1570ab130caa809f4adc21e
vfs-8-size = 159020 111882
vfs-9 = 8c384c4c9a2c7b262b7f97c628373582 0c7a5ee59a1076c15375b93fe39cc79e
vfs-9-size = 5640 4395
vfs-10 = f89a2adef253a95117679978e47aa875 81a1f9b75be8a1fe0b102c50433bbc76
vfs-10-size = 202808 136714
vfs-11 = 5994e67c54171fd228d03057e96c1b81 1561386d92c640b7b3c771a790fda9be
vfs-11-size = 296138 210543
vfs-12 = fd748e71618e6cb2f6a91246b7b0f96a 4849a49d104e281f068954135a656466
vfs-12-size = 157370 110615
vfs-13 = 42239de895341942993e177adbcb1fd6 078f6f7f53a1c395cb85e5f1df6e5121
vfs-13-size = 159119 111925
vfs-14 = 8d413768335f9e3a53b44eb35431da23 d1a8f5713527e57c62aa415e9fd13479
vfs-14-size = 159030 111989
vfs-15 = e21a5af15ed7567a23deca3c3781c36f 45fb5a1a75096094f962176bc74ba9f4
vfs-15-size = 158993 111902
vfs-16 = 2d17600b13c774169083ac8cd9c21ada 8bc8ad57c1570ab130caa809f4adc21e
vfs-16-size = 159020 111882
vfs-17 = 8c384c4c9a2c7b262b7f97c628373582 0c7a5ee59a1076c15375b93fe39cc79e
vfs-17-size = 5640 4395

