# Build Configuration

root = a0f2f78d4558d3c0faa4f6127fe4229d
install = caedc1c18cd9015a024c6565502f8f0e 3a3da563d9137286392c3933385ee1e4
install-size = 4105765 3982512
download = 854d52b789a30cc2e8ca7d7ba9be3186 b7ab6cbbbf3f5fbf19567a5dde7165ec
download-size = 492026 452433
size = e0daf5aa07c61c63906a77f847445ca8 93ab8ac8c54993b5caee11450151eb0e
size-size = 311472 278097
encoding = 4b20e8e0a8fc1b168e64b8efec9e5e37 9bba22b8510de692e3b61583234fb9ae
encoding-size = 1288099 1288270
build-name = 11.1.0.113144.dp-rank-vo.08af486a6c.Filtered
build-product = Gryphon
build-uid = gryphon
build-token = e4f27b25-2dd4-be20-6e05-20ec4331c0d7
build-data-compatibility-hash = 673592f9d6006ef98d895d9a728e468b
build-data-content-hash = b174e3aa1dd33f78639018de01610a13
build-full-version = 11.1.0.113144.dp-rank-vo.08af486a6c
build-version = 11.1.0.113144
build-git-branch = dp-rank-vo
build-git-commit-hash = 08af486a6cd3b2dfd2411a9f143bbd5bc3ca3138
vfs-root = 7b68458ac709f12dbcf55b3b7d76dfa2 656281c944fd57fc813c7b07148a7643
vfs-root-size = 178 184
vfs-1 = 7b68458ac709f12dbcf55b3b7d76dfa2 656281c944fd57fc813c7b07148a7643
vfs-1-size = 178 184
vfs-2 = ed535fa3a869e4b1907f878a071dfc0c efe3d38572fb944afde8fe570a813eb1
vfs-2-size = 410 375
vfs-3 = 5e3f606291581e1ea3de389d0d994a25 71faba3beb0146b0b3f63c19b01f07c4
vfs-3-size = 224096 133883
vfs-4 = c37b61b746d02ca59ad6fd9bb4fa34bf 4e878a0836f1efad63d1e172ca77b821
vfs-4-size = 118658 70639
vfs-5 = c3a787eaffeaa84bc04f5621856dd217 442367e354239ccb19237bf516274bbe
vfs-5-size = 119900 71484
vfs-6 = efa1f760665809c87f55920d24c12c73 c21cf8f76cf51456b9d8200983807abd
vfs-6-size = 121066 72175
vfs-7 = c6a20f832400f13733472ce902452ecd b6cfad55e8ea083a5ee9c67adce14cff
vfs-7-size = 121012 72158
vfs-8 = 090e1ba11a4170073bdc40f0b3a09658 68f4b35005fdfe507c1bd23927b7e022
vfs-8-size = 121073 72129
vfs-9 = 30cff0609fa67e5fc131b0e6d36d3966 a2f02c89ba33cb5b1e0f93e0ef3df478
vfs-9-size = 143721 78423
vfs-10 = 1878076287882c99bda32a209cf77fc8 faec85ec2b2e540c4306c45252f7f8fb
vfs-10-size = 4876 3346
vfs-11 = a710d6cfa694b299b43ec08b5c010b4f 58c47b642c8fc24111fdeacf68c1245d
vfs-11-size = 156593 87384
vfs-12 = 61a7152c5a5ab7daa771cbd4c418618e 4cdc09bc3503bf81144e84812a67563b
vfs-12-size = 342602 202556
vfs-13 = 11faf6c2ef206aa597edb5b73d1ba1fc 96249119c0c48c200529913d749224e5
vfs-13-size = 119900 71492
vfs-14 = fa15afcf0f30af636989f10d059a55b4 e05a08227c8a6b151b542cb83b386cb5
vfs-14-size = 121066 72186
vfs-15 = 4e7c6166f779d8ccf152c4087897a492 fa2443c07d0ecb8b724d1a3ccbec6dbf
vfs-15-size = 121012 72161
vfs-16 = 4930d2453dfd6d0c3c8c32258156c992 811d9cdb03e56046d5e6f34773ff6e0a
vfs-16-size = 121073 72140
vfs-17 = 244d68aa0a0571c50d5466d63a96c344 5ea79cc95e2e5477bf19c69c0b157925
vfs-17-size = 410 374
vfs-18 = 10e5298a1b815c94f070e4e047182c1c 2cba732644642d63f40b6064e59ce4d0
vfs-18-size = 224096 133882
vfs-19 = c37b61b746d02ca59ad6fd9bb4fa34bf 4e878a0836f1efad63d1e172ca77b821
vfs-19-size = 118658 70639
vfs-20 = c3a787eaffeaa84bc04f5621856dd217 442367e354239ccb19237bf516274bbe
vfs-20-size = 119900 71484
vfs-21 = efa1f760665809c87f55920d24c12c73 c21cf8f76cf51456b9d8200983807abd
vfs-21-size = 121066 72175
vfs-22 = c6a20f832400f13733472ce902452ecd b6cfad55e8ea083a5ee9c67adce14cff
vfs-22-size = 121012 72158
vfs-23 = 090e1ba11a4170073bdc40f0b3a09658 68f4b35005fdfe507c1bd23927b7e022
vfs-23-size = 121073 72129
vfs-24 = d2ae9d6e42344c3dfb03baa469887dbe 030e810e80a2ecd9c2e517823f7eb589
vfs-24-size = 143721 78464
vfs-25 = 1878076287882c99bda32a209cf77fc8 faec85ec2b2e540c4306c45252f7f8fb
vfs-25-size = 4876 3346

