# Build Configuration

root = 16180405dd65342310275eeb200f874a
install = b9a25fb132d53ba9f6fdc0605d359b87 3985809e3e5b5be5c581fde8e94d92be
install-size = 1857554 1780803
download = baed67dddf16d48a987931630781c6be 09097c1720b0c2eb4282beba51db3097
download-size = 364272 333753
size = e3a54d501e4734674ccb50cf2c035be9 38eee6967c6c63a71900734f1449f3d9
size-size = 230644 204549
encoding = 5c8c0bd27fa5a948b64ec480e8499cc9 f5c9df5a2615317757bdc3ab73fbfac8
encoding-size = 953730 953899
build-name = 10.0.0.108863.dp-if-gb2.b855a9c66b.Filtered
build-product = Gryphon
build-uid = gryphon
build-token = 867fd7a4-0875-de5b-e4cc-84a259b7a3a4
build-data-compatibility-hash = feccb59cc43aadbca0732d6325dc143f
build-data-content-hash = 24669ca4d0b2666714dfd5bb55fc7ced
build-full-version = 10.0.0.108863.dp-if-gb2.b855a9c66b
build-version = 10.0.0.108863
build-git-branch = dp-if-gb2
build-git-commit-hash = b855a9c66b54869973c431f81d59930f644718c7
vfs-root = 323570c822defc1f2107939e29a1cde0 73f95b1b367c23b516665c66352a2184
vfs-root-size = 139 153
vfs-1 = 323570c822defc1f2107939e29a1cde0 73f95b1b367c23b516665c66352a2184
vfs-1-size = 139 153
vfs-2 = bf72a9711410d77c81b37020afea4d27 02ead0b341c8e16d2b703cdbb8d1b70f
vfs-2-size = 148590 80377
vfs-3 = 1cf83721f3e48c588ff84afe42c7ef1a 818c408d84a5a73cad25ce2528bbfd40
vfs-3-size = 224314 134025
vfs-4 = 310a00180ef48fde3abe13e0f196aa7c 5b4626827a461b02725c75e29b8eaeca
vfs-4-size = 118317 70460
vfs-5 = bebaae972b9aba967a727fe6d0274631 305cc9a0abab104e33ea0d366f17da10
vfs-5-size = 119564 71278
vfs-6 = a9edf10f6700e417d54ceec933fa6792 6f27ecfa1bf7d2afa2bcf04eac853f35
vfs-6-size = 120724 71988
vfs-7 = f733b5a0017e199127d65e5bd3ae6f49 9913976efa01f8935f31892ce3e5475a
vfs-7-size = 120670 71938
vfs-8 = 4caf286ffd4dba3fcdf2cd983a3463ef 8253776f160be33640b9892d93223f6c
vfs-8-size = 120728 71923
vfs-9 = 5736a5f2d7155bd90948e8485964f9a3 b190a0b20ce6c87699f60ba9d589d662
vfs-9-size = 4459 3080
vfs-10 = 028473313072c90423ca2352406321f4 5caf01cbcb7c966cc0bf0120017c8935
vfs-10-size = 148590 80341
vfs-11 = 3df7722cbc03dc8d1288cde4aeab92e9 4f65216edc1e292f889ceb65889224fc
vfs-11-size = 224096 133888
vfs-12 = 310a00180ef48fde3abe13e0f196aa7c 5b4626827a461b02725c75e29b8eaeca
vfs-12-size = 118317 70460
vfs-13 = bebaae972b9aba967a727fe6d0274631 305cc9a0abab104e33ea0d366f17da10
vfs-13-size = 119564 71278
vfs-14 = a9edf10f6700e417d54ceec933fa6792 6f27ecfa1bf7d2afa2bcf04eac853f35
vfs-14-size = 120724 71988
vfs-15 = f733b5a0017e199127d65e5bd3ae6f49 9913976efa01f8935f31892ce3e5475a
vfs-15-size = 120670 71938
vfs-16 = 4caf286ffd4dba3fcdf2cd983a3463ef 8253776f160be33640b9892d93223f6c
vfs-16-size = 120728 71923
vfs-17 = 5736a5f2d7155bd90948e8485964f9a3 b190a0b20ce6c87699f60ba9d589d662
vfs-17-size = 4459 3080

