# Build Configuration

root = 70a30737ae4138f888ee25d29b27bf2f
install = afb1bf4a4122e67c55ae02d786896eee 7f55edaa525d341cd6b9e0b028d38fa1
install-size = 3807463 3699393
download = 49df990a9eed598144453edc5b0de4be fa0037e5d6bf65716eb4391be9768447
download-size = 473212 436428
size = 26e59b3aced16a4d703f548dfc0262f0 f38fda575a726212bd068e51ee8daf9a
size-size = 298679 266505
encoding = 3b67d2dd9cdc1c5c3cc6eb2166aa2b07 9c083b3fa298abf258e9dd679174a178
encoding-size = 1246819 1246993
build-name = 13.0.0.116196.dp-dungeon-towers.eb9b268b2a.Filtered
build-product = Gryphon
build-uid = gryphon
build-token = 2ba4a0d0-3911-9af8-f699-bbe206271822
build-data-compatibility-hash = 743c30d248351619a935ed9775bfe030
build-data-content-hash = d1c5b752f1e3a18eb504872d45b28f52
build-full-version = 13.0.0.116196.dp-dungeon-towers.eb9b268b2a
build-version = 13.0.0.116196
build-git-branch = dp-dungeon-towers
build-git-commit-hash = eb9b268b2a161b53e64f044bb8d603ff60cec64b
vfs-root = 64d7819a8068ffdadcf3313fcc2ba929 a52edcb020c86691083b45bb4683f60d
vfs-root-size = 178 181
vfs-1 = 64d7819a8068ffdadcf3313fcc2ba929 a52edcb020c86691083b45bb4683f60d
vfs-1-size = 178 181
vfs-2 = 6787e3ffa9e587aa6ac4617fb3e396ec 5593ae4bed536045088bcc1274d76f4e
vfs-2-size = 410 375
vfs-3 = 8618352f21cc8137eb7c66cc8f4b2fe9 08584b191337a08cfc3aa1db8bd69616
vfs-3-size = 189473 113065
vfs-4 = 824f6542def445a14f4f5cf3d70d5ab1 451b43c6cb7eee3342790a381e322455
vfs-4-size = 102842 61433
vfs-5 = 29e30b8fb07a965cf7eea1c8028f9867 6f0636551223743f05c601df9d8778d8
vfs-5-size = 103325 61675
vfs-6 = 70ff00a589ce2292e57f95d0a3624bb9 9001a41fe9f7a0560d8da79c13c37635
vfs-6-size = 103973 62109
vfs-7 = dbc299739a10f87c31945c1e5c31fb51 7f5f06573d31bd392023b7523353f446
vfs-7-size = 103948 62029
vfs-8 = 9f9beb9155315f08e8f99acc9ba33e1b cd6a9d1114c44561f1b17c2c44021187
vfs-8-size = 103864 62025
vfs-9 = bdefe3ed38dc17c04d374eaccf08bc01 0540b0db126930ff2aed30dedd0d69dd
vfs-9-size = 125074 68705
vfs-10 = eac6b830d6820da9bd189e3fa4e64abc c83fdba0a6d26f513d58ae56a9a63be2
vfs-10-size = 4977 3410
vfs-11 = d015415bcc092267ef7295ab4491ee44 887d4dcf4705a19a5dd95c894e5fb6f4
vfs-11-size = 163247 91119
vfs-12 = 810806351b3d4acfbcedad9d0f912cb6 3b6756bcadead451dce6f4a6eb0dbe10
vfs-12-size = 343073 202862
vfs-13 = dcbb625b0f009e6ecbcdaedf025fd51d 8219a6f1aa9dfa6a405521b6388cfd08
vfs-13-size = 120375 71746
vfs-14 = d9d1f16f60eda39879a648f33e771dee 73a7b085efa28f36ee54b0ed6a85a980
vfs-14-size = 121540 72467
vfs-15 = 9e3259cfbf0429987ed85ec190c7bf4d f085853f12ec42ebc280c45ce5d395d4
vfs-15-size = 121497 72401
vfs-16 = 5998b0c1e237ae030a8d087077d1c5bc f134865ddd99f438c57e993f90a67605
vfs-16-size = 121542 72396
vfs-17 = 22157b15b5c65f6d2d49b1992eafea8a 94130e9da2500e9875656085347c22f9
vfs-17-size = 410 375
vfs-18 = 48ef591f6cef135a57cef0472f40625d 2e1d3d4928c4196f89260ca7af9a94be
vfs-18-size = 189473 113062
vfs-19 = 824f6542def445a14f4f5cf3d70d5ab1 451b43c6cb7eee3342790a381e322455
vfs-19-size = 102842 61433
vfs-20 = 29e30b8fb07a965cf7eea1c8028f9867 6f0636551223743f05c601df9d8778d8
vfs-20-size = 103325 61675
vfs-21 = 70ff00a589ce2292e57f95d0a3624bb9 9001a41fe9f7a0560d8da79c13c37635
vfs-21-size = 103973 62109
vfs-22 = dbc299739a10f87c31945c1e5c31fb51 7f5f06573d31bd392023b7523353f446
vfs-22-size = 103948 62029
vfs-23 = 9f9beb9155315f08e8f99acc9ba33e1b cd6a9d1114c44561f1b17c2c44021187
vfs-23-size = 103864 62025
vfs-24 = 5831b8dc3e1af69c798b3d50c9c00fdd e47f2ea83367952eb6ac0d8001e5f6ac
vfs-24-size = 125074 68724
vfs-25 = eac6b830d6820da9bd189e3fa4e64abc c83fdba0a6d26f513d58ae56a9a63be2
vfs-25-size = 4977 3410

