# Build Configuration

root = bbb13f8a955717aac64ff134462bfb47
install = 510f74f946dfe36fa6defaef56659847 ed69d48c455b001772edf2521659f849
install-size = 3826632 3718076
download = f0654863c063c8d1a8bfbaebf6def97f 17c14978adf2f3e50dfbbb52eb405ade
download-size = 480059 442729
size = 3f192b27f0c62425d6127a90c911c86b 08179c8877b7444b6357e36edd4d8110
size-size = 302997 270370
encoding = d6fcd147b59e6e7ae33e15c41b4be3bd ea41cf5c8342ee47bf50d34fefcb0189
encoding-size = 1263331 1263505
build-name = 16.0.0.119301.dp-april-fix.bd27a35544.Filtered
build-product = Gryphon
build-uid = gryphon
build-token = 0625a9e4-9f5b-ecc6-d619-1cd9a8b36c35
build-data-compatibility-hash = e2692a3a27c274a31fc01e17d421ea98
build-data-content-hash = 2b101b8f549332d1436effc8b070f753
build-full-version = 16.0.0.119301.dp-april-fix.bd27a35544
build-version = 16.0.0.119301
build-git-branch = dp-april-fix
build-git-commit-hash = bd27a3554463b826bdb8a01416266b97146359ea
feature-placeholder = true
vfs-root = d916ea9217adad7afa24b2cd176ef06f 1db7aaa466b1af7fff4356b6e9fe74da
vfs-root-size = 178 184
vfs-1 = d916ea9217adad7afa24b2cd176ef06f 1db7aaa466b1af7fff4356b6e9fe74da
vfs-1-size = 178 184
vfs-2 = e7c32d886caf1053f68496be091836ad 360154227ef96b1c9c084835d6a19b82
vfs-2-size = 410 380
vfs-3 = db3488aabeb8c6a362e2f5e75ffa0758 c8a11f55d3037a1d14689e41bed85fb5
vfs-3-size = 189473 113052
vfs-4 = fd137fbb5d0d97f87b93a47bba69c765 5640cde3da1b3f995e244abb3cdcb671
vfs-4-size = 102163 61036
vfs-5 = e2ec7a8bc7c77d2a7eb4c8b0e9b1fd9e d1c1b4f8200f0647d588608f1b019fb9
vfs-5-size = 102663 61300
vfs-6 = 94472cce9c157eda90541f7770cb63af c5282a2f50b02c4da308fa50fc0cc8c4
vfs-6-size = 103604 61915
vfs-7 = 28eb3fc60a428bab79790defd5fc6a06 b7231a878f1cfdbc8ff4eee935000ed7
vfs-7-size = 103591 61878
vfs-8 = 5e65fe9030473a06ad780aa2351410fc cc1c9464c5349f5d49098df326f06936
vfs-8-size = 103514 61852
vfs-9 = 1f4b77db8285b90d53e0093e5dc6d9ed 9138926c5e9a32f8f65288022aa1c3b9
vfs-9-size = 127918 70507
vfs-10 = 6d808391c9df40c99ca9f4f67a988cea 895f6db748c783ab42a6922d41a562e4
vfs-10-size = 5026 3439
vfs-11 = b3f308cb92e193d5462fa9c99842f438 43b828990d0270fa9e1f722098c192ad
vfs-11-size = 170576 95206
vfs-12 = f66b7590693c3f087d4e77c0742be4fa 8794682eb2868fcf0a316b46c9a86907
vfs-12-size = 343412 203015
vfs-13 = 6a38c18394c2e8b7b12839e50a6f68e6 44c6fd8eace7eaa1a9d3c4922c48b006
vfs-13-size = 120711 71951
vfs-14 = c973b584f6d2c622f0f10bd7d199891c 9e10d3b19f335010b55d791fafbf36f7
vfs-14-size = 122157 72806
vfs-15 = 02e5cc19c5f09c35684003a429b0cd76 3b6f5ebb77af75ab56e620289eb14aba
vfs-15-size = 122104 72779
vfs-16 = a0673cc9406bf6d021b512032dbef6f7 55376c2aa1745260fe2f1a12bba2db83
vfs-16-size = 122153 72732
vfs-17 = 1f80efeb2155f3aebb025b413ae7cc50 9ba391545724c2bd89db1fb4eb7a67f5
vfs-17-size = 410 377
vfs-18 = fc1b1f50c6c7cf1c98b6db65b30e10ff 018ec0927adfb1af3581cffe9c83892c
vfs-18-size = 189473 113043
vfs-19 = fd137fbb5d0d97f87b93a47bba69c765 5640cde3da1b3f995e244abb3cdcb671
vfs-19-size = 102163 61036
vfs-20 = e2ec7a8bc7c77d2a7eb4c8b0e9b1fd9e d1c1b4f8200f0647d588608f1b019fb9
vfs-20-size = 102663 61300
vfs-21 = 94472cce9c157eda90541f7770cb63af c5282a2f50b02c4da308fa50fc0cc8c4
vfs-21-size = 103604 61915
vfs-22 = 28eb3fc60a428bab79790defd5fc6a06 b7231a878f1cfdbc8ff4eee935000ed7
vfs-22-size = 103591 61878
vfs-23 = 5e65fe9030473a06ad780aa2351410fc cc1c9464c5349f5d49098df326f06936
vfs-23-size = 103514 61852
vfs-24 = cf26ba78c8d3afa40aa8af03d2cf13b9 7dd490cd372b5fc68ddcf324b536089e
vfs-24-size = 127972 70576
vfs-25 = 6d808391c9df40c99ca9f4f67a988cea 895f6db748c783ab42a6922d41a562e4
vfs-25-size = 5026 3439

