# Build Configuration

root = d058fbe6be80136c97141b2486660390
install = 1eb24473e658deb1f25b5bd5e3622db5 448d66c39bbea9cb005d5cd80c16ca18
install-size = 3829007 3720603
download = 76a0a18cf65b24b1c49c31f3e5d5af08 7e1b74d90bd671529f03ce1939dce13e
download-size = 481034 443748
size = b67189bcff94c6cfb0a400c0f572c8f9 48d18cd810bb42f153d0b19a2b0a6e59
size-size = 303612 270981
encoding = 17ff884a39fe06eccfbe3de911a7132c 693880ec9a100faa5a11917e4d7d9c60
encoding-size = 1267459 1267632
build-name = 15.1.0.118869.dp-s18-pilgrims.bfd8066fd7.Filtered
build-product = Gryphon
build-uid = gryphon
build-token = 2a4630f0-b3d9-fa25-16dd-e1502858148f
build-data-compatibility-hash = dcaf4d1d65b1e38087f4a8058a04d246
build-data-content-hash = 7fee13d241c6147e511cd33ae1c5bf20
build-full-version = 15.1.0.118869.dp-s18-pilgrims.bfd8066fd7
build-version = 15.1.0.118869
build-git-branch = dp-s18-pilgrims
build-git-commit-hash = bfd8066fd7733e1e637da6e8a90a91480964b6c7
feature-placeholder = true
vfs-root = 0f9f8b9cb2c17cbd46759954fbaaccd2 0edadcca38ca4fd5d8b3249b6cda3c5e
vfs-root-size = 178 184
vfs-1 = 0f9f8b9cb2c17cbd46759954fbaaccd2 0edadcca38ca4fd5d8b3249b6cda3c5e
vfs-1-size = 178 184
vfs-2 = 98cd0521bd2d4af73a89e8f593a4ed8c c13618f5db95619370ea531eeab3d389
vfs-2-size = 410 378
vfs-3 = db3488aabeb8c6a362e2f5e75ffa0758 c8a11f55d3037a1d14689e41bed85fb5
vfs-3-size = 189473 113052
vfs-4 = fd137fbb5d0d97f87b93a47bba69c765 5640cde3da1b3f995e244abb3cdcb671
vfs-4-size = 102163 61036
vfs-5 = e2ec7a8bc7c77d2a7eb4c8b0e9b1fd9e d1c1b4f8200f0647d588608f1b019fb9
vfs-5-size = 102663 61300
vfs-6 = 94472cce9c157eda90541f7770cb63af c5282a2f50b02c4da308fa50fc0cc8c4
vfs-6-size = 103604 61915
vfs-7 = 28eb3fc60a428bab79790defd5fc6a06 b7231a878f1cfdbc8ff4eee935000ed7
vfs-7-size = 103591 61878
vfs-8 = 5e65fe9030473a06ad780aa2351410fc cc1c9464c5349f5d49098df326f06936
vfs-8-size = 103514 61852
vfs-9 = 32e928b2564ccbe0535426f686073532 7fb6684b4c8119bd04c4aaeac1d222a7
vfs-9-size = 127675 70286
vfs-10 = 6d808391c9df40c99ca9f4f67a988cea 895f6db748c783ab42a6922d41a562e4
vfs-10-size = 5026 3439
vfs-11 = a750a9c3a7a6ae4e24099a27c836821f 001bc011e55ce2ddf590bfcffce2ea91
vfs-11-size = 170338 95045
vfs-12 = f66b7590693c3f087d4e77c0742be4fa 8794682eb2868fcf0a316b46c9a86907
vfs-12-size = 343412 203015
vfs-13 = 6a38c18394c2e8b7b12839e50a6f68e6 44c6fd8eace7eaa1a9d3c4922c48b006
vfs-13-size = 120711 71951
vfs-14 = c973b584f6d2c622f0f10bd7d199891c 9e10d3b19f335010b55d791fafbf36f7
vfs-14-size = 122157 72806
vfs-15 = 02e5cc19c5f09c35684003a429b0cd76 3b6f5ebb77af75ab56e620289eb14aba
vfs-15-size = 122104 72779
vfs-16 = a0673cc9406bf6d021b512032dbef6f7 55376c2aa1745260fe2f1a12bba2db83
vfs-16-size = 122153 72732
vfs-17 = f5798aac1c2177bd998fba555a7bd483 f4633424af1edcb56c20d6acfe697888
vfs-17-size = 410 376
vfs-18 = fc1b1f50c6c7cf1c98b6db65b30e10ff 018ec0927adfb1af3581cffe9c83892c
vfs-18-size = 189473 113043
vfs-19 = fd137fbb5d0d97f87b93a47bba69c765 5640cde3da1b3f995e244abb3cdcb671
vfs-19-size = 102163 61036
vfs-20 = e2ec7a8bc7c77d2a7eb4c8b0e9b1fd9e d1c1b4f8200f0647d588608f1b019fb9
vfs-20-size = 102663 61300
vfs-21 = 94472cce9c157eda90541f7770cb63af c5282a2f50b02c4da308fa50fc0cc8c4
vfs-21-size = 103604 61915
vfs-22 = 28eb3fc60a428bab79790defd5fc6a06 b7231a878f1cfdbc8ff4eee935000ed7
vfs-22-size = 103591 61878
vfs-23 = 5e65fe9030473a06ad780aa2351410fc cc1c9464c5349f5d49098df326f06936
vfs-23-size = 103514 61852
vfs-24 = 1cb4967701aaf9cb539861aa69f29a2c 2b14bd18d6979e091868258d138d21a3
vfs-24-size = 130608 71985
vfs-25 = 6d808391c9df40c99ca9f4f67a988cea 895f6db748c783ab42a6922d41a562e4
vfs-25-size = 5026 3439

