# Build Configuration

root = b09a4643849d77206644164135da2657
install = 03fd2ca025fcdd6354a4fdd6405d6f18 81f397ff3126db874e86e9e98e1882f9
install-size = 3772746 3666064
download = d6a294bb8f797ee804c0438fc516549d 4c2eca470f28adf51a149edb34178099
download-size = 464330 428457
size = 10d3037bd6d08814f788a921c7f2cf14 6fd882501e91629f89d7b1a297a6fb95
size-size = 293073 261559
encoding = a0e4126cc78899459506f7d54b0d9407 7e380a4d7778c9be9f19bff0a18542e6
encoding-size = 1222051 1222224
build-name = 11.2.0.113975.dp-commerce-fix.5e9ba07024.Filtered
build-product = Gryphon
build-uid = gryphon
build-token = eec442c0-1e99-8bb3-5fd9-10d00cab26a1
build-data-compatibility-hash = 2d445c5c9e0ee8eaf32c4dd1a1397b45
build-data-content-hash = 22131faab9af182ee3b8bf076aae3764
build-full-version = 11.2.0.113975.dp-commerce-fix.5e9ba07024
build-version = 11.2.0.113975
build-git-branch = dp-commerce-fix
build-git-commit-hash = 5e9ba070241873500534b49575d67528dd55c21d
vfs-root = b079a31c83866a08521cdf3504d8f165 01db73a3c18d900c9cce74160971f8c7
vfs-root-size = 178 184
vfs-1 = b079a31c83866a08521cdf3504d8f165 01db73a3c18d900c9cce74160971f8c7
vfs-1-size = 178 184
vfs-2 = d4d40001a450ba976effefa97a4a78d9 e24d714acc271de4848680f4e2ebb3d1
vfs-2-size = 410 379
vfs-3 = 2ad184ed6d6347777406fee1014ebb3d 615367692e41f093877cd3d233fbdcee
vfs-3-size = 189473 113051
vfs-4 = 789794977067354de04f51d286972ece c127efb6d505ef4b5486dc7710142bbc
vfs-4-size = 102365 61089
vfs-5 = 4958f4767b12853a150c5726ae6ac1fe c37f26193d3202cbe26d1626d556741f
vfs-5-size = 102848 61376
vfs-6 = 4fcfce444a52e2ed92e17a7ec5158db1 d4bb4cfa93843b0902b948c426e5deb3
vfs-6-size = 103499 61815
vfs-7 = 1f76a839b03a28104a4ee6107f0a6769 376f65380cfe91850e39435a945a7193
vfs-7-size = 103451 61733
vfs-8 = f13f701bb806765da7185b1eb0d690bf 3f9c91aba6f910aea1c9f40d7ec98de8
vfs-8-size = 103395 61765
vfs-9 = 74aaf8e9947e0101f3f5da30fb61008f c28e6e7930a2aecbfd626d54d63e4f1d
vfs-9-size = 119303 65603
vfs-10 = 1878076287882c99bda32a209cf77fc8 faec85ec2b2e540c4306c45252f7f8fb
vfs-10-size = 4876 3346
vfs-11 = 9db4e52c58560fbed7d2aeaa92812357 58ddf0478a3e0e2803041ea47f0f633a
vfs-11-size = 157128 87705
vfs-12 = f9b63c1ca7817ccbb88457a553a03624 8cef5f08a221fa31a448b586ad7c91b6
vfs-12-size = 342602 202598
vfs-13 = 14120e27df6239661336e7f747e8724a 6a205ce3aff4695249a3840d306a25a0
vfs-13-size = 119900 71478
vfs-14 = 4815247d2bb6565446ba62a0919e33ea 59c6891bb2409f457cef583d02820a24
vfs-14-size = 121066 72171
vfs-15 = 53ca98fe0b1baced79dcf8158fed6ce4 1eef3943ded1e209f7469f6d9e22b134
vfs-15-size = 121012 72146
vfs-16 = 6fecae2cf5dd128dd8404613b7b12911 211d27635231e9b0366212b8fa71ef8f
vfs-16-size = 121073 72136
vfs-17 = 7feabb325aac0f3729e5c4aabb98461a 4697affc0b34d79e2f29ec6e58f8fa22
vfs-17-size = 410 376
vfs-18 = 9c58f17b77525cb992b2078287a091c9 591352a1aa5cdead6a69f3afdcb820eb
vfs-18-size = 189473 113060
vfs-19 = 789794977067354de04f51d286972ece c127efb6d505ef4b5486dc7710142bbc
vfs-19-size = 102365 61089
vfs-20 = 4958f4767b12853a150c5726ae6ac1fe c37f26193d3202cbe26d1626d556741f
vfs-20-size = 102848 61376
vfs-21 = 4fcfce444a52e2ed92e17a7ec5158db1 d4bb4cfa93843b0902b948c426e5deb3
vfs-21-size = 103499 61815
vfs-22 = 1f76a839b03a28104a4ee6107f0a6769 376f65380cfe91850e39435a945a7193
vfs-22-size = 103451 61733
vfs-23 = f13f701bb806765da7185b1eb0d690bf 3f9c91aba6f910aea1c9f40d7ec98de8
vfs-23-size = 103395 61765
vfs-24 = 6d14ba61c7888d938e3b478cf7a3e9ab 0f0d2dee0db4368f035811070932e4f0
vfs-24-size = 119303 65663
vfs-25 = 1878076287882c99bda32a209cf77fc8 faec85ec2b2e540c4306c45252f7f8fb
vfs-25-size = 4876 3346

