# Build Configuration

root = b7f999169baeca94945b7feb1232424c
install = b2c9d3c26459e5c7f095e99b0f779910 3c8cbe03c660f6ac108db5405cba81fd
install-size = 4098141 3975393
download = 920171194e783d162080af77a2970fe1 44c8ebde038ebe0d7ac95bccedc0823e
download-size = 491264 451762
size = 2af47028d91e82a266e72fdd38cd9052 09ed781c6237256559fce85f2b53d283
size-size = 310989 277705
encoding = f9683a9fd24866b2b2c36ab366f9feb1 caa1ea4824eb7973d9cbd8785b321200
encoding-size = 1288099 1288274
build-name = 11.1.0.113116.dp-s12-pvp-warchest.2a581e2aba.Filtered
build-product = Gryphon
build-uid = gryphon
build-token = 22250603-8979-0176-ae8c-0d288a29b228
build-data-compatibility-hash = f1bf2a23cba8fd10ebb45d6e5239cf5f
build-data-content-hash = c6ccb7cdb6867d7c7ead74284266cbf7
build-full-version = 11.1.0.113116.dp-s12-pvp-warchest.2a581e2aba
build-version = 11.1.0.113116
build-git-branch = dp-s12-pvp-warchest
build-git-commit-hash = 2a581e2aba57a6a0c9b43134756a4020cbd94bd1
vfs-root = 2e5e528f7e02123aac73ab3cc2289a63 6826d58b418519f79dfe67ef69681d86
vfs-root-size = 178 184
vfs-1 = 2e5e528f7e02123aac73ab3cc2289a63 6826d58b418519f79dfe67ef69681d86
vfs-1-size = 178 184
vfs-2 = e6c2dd78f1f7f380b3b5247443a3a7d0 9bf4c16fca25629e978e0ef6add74b87
vfs-2-size = 410 378
vfs-3 = ff858d212368bbc9724fe946a59389b2 dbf45638b44c965f10d34ab570d2ab61
vfs-3-size = 224096 133877
vfs-4 = 310a00180ef48fde3abe13e0f196aa7c 5b4626827a461b02725c75e29b8eaeca
vfs-4-size = 118317 70460
vfs-5 = bebaae972b9aba967a727fe6d0274631 305cc9a0abab104e33ea0d366f17da10
vfs-5-size = 119564 71278
vfs-6 = a9edf10f6700e417d54ceec933fa6792 6f27ecfa1bf7d2afa2bcf04eac853f35
vfs-6-size = 120724 71988
vfs-7 = f733b5a0017e199127d65e5bd3ae6f49 9913976efa01f8935f31892ce3e5475a
vfs-7-size = 120670 71938
vfs-8 = 4caf286ffd4dba3fcdf2cd983a3463ef 8253776f160be33640b9892d93223f6c
vfs-8-size = 120728 71923
vfs-9 = fabf88b5244fe4a260cfc3636da4a18a 7d77449b3a00ed14aae84fb914b1f5ab
vfs-9-size = 143721 78405
vfs-10 = 1878076287882c99bda32a209cf77fc8 faec85ec2b2e540c4306c45252f7f8fb
vfs-10-size = 4876 3346
vfs-11 = 883a1f0bacf3210b2204266507c1381b 3e5fb4a7713f969adea9726c14513956
vfs-11-size = 156593 87383
vfs-12 = 8ad6f6b0cbaa90e8370cd07435ee471e 7a2edd2af93bf3f44cb30ac31d02b958
vfs-12-size = 342260 202397
vfs-13 = 7bbc6d1381ea8496a8138ca16d5ad923 af18e7f9b8ff7c7aa788c3ef7630b64d
vfs-13-size = 119564 71290
vfs-14 = 708a3606025213ca59e928ab1d5253ed 0d6877879ce27ba75794ca06bb9fc91d
vfs-14-size = 120724 72000
vfs-15 = c23bb03ed8697a2ac1330c94fcdb2271 a90a6c8610122267ea1507372dee9f5a
vfs-15-size = 120670 71957
vfs-16 = ccac9edccf00f1cc0c5565f5f8a5a8fb fa34ed021cdfd28a0b8aa0d724b6124e
vfs-16-size = 120728 71931
vfs-17 = 610698afec5511bdc72bdf332e893226 e72f5775e5023c655068098ff7182735
vfs-17-size = 410 377
vfs-18 = 3df7722cbc03dc8d1288cde4aeab92e9 4f65216edc1e292f889ceb65889224fc
vfs-18-size = 224096 133888
vfs-19 = 310a00180ef48fde3abe13e0f196aa7c 5b4626827a461b02725c75e29b8eaeca
vfs-19-size = 118317 70460
vfs-20 = bebaae972b9aba967a727fe6d0274631 305cc9a0abab104e33ea0d366f17da10
vfs-20-size = 119564 71278
vfs-21 = a9edf10f6700e417d54ceec933fa6792 6f27ecfa1bf7d2afa2bcf04eac853f35
vfs-21-size = 120724 71988
vfs-22 = f733b5a0017e199127d65e5bd3ae6f49 9913976efa01f8935f31892ce3e5475a
vfs-22-size = 120670 71938
vfs-23 = 4caf286ffd4dba3fcdf2cd983a3463ef 8253776f160be33640b9892d93223f6c
vfs-23-size = 120728 71923
vfs-24 = 255a4431a02f14af2a103f38861e6e54 c400b1a6aeffe335fb76664e2d46f4d4
vfs-24-size = 143721 78465
vfs-25 = 1878076287882c99bda32a209cf77fc8 faec85ec2b2e540c4306c45252f7f8fb
vfs-25-size = 4876 3346

