# Build Configuration

root = 2247dc99f70c0d5ce423271ada1df233
install = afed949e19d8ee452a72c1a91133f774 ab6f7f76697f4c7eee6f1217de946202
install-size = 3813207 3704430
download = eeb3be94ad307901a553a22aa0de3582 0abbee80b1a49c5c990e7a681d5dc422
download-size = 475511 438569
size = dfcfe56af7c80dbaaa355d8d3f0800a1 acdc7cc7275731eb9c32f276a2bdbbfe
size-size = 300123 267898
encoding = 8c4df81374563372636ce46b40240e03 2d7d9313688899fae7a6a632bbfdf575
encoding-size = 1250947 1251121
build-name = 13.0.0.117135.dp-m13-heroic-mc.d29356de3f.Filtered
build-product = Gryphon
build-uid = gryphon
build-token = bfd0e526-f5d4-7c48-cb9f-0afb2383d0d8
build-data-compatibility-hash = e70e060f8025565d500cd4d3362c574f
build-data-content-hash = f5830f7a8c5441dbc7f755d57501b7c8
build-full-version = 13.0.0.117135.dp-m13-heroic-mc.d29356de3f
build-version = 13.0.0.117135
build-git-branch = dp-m13-heroic-mc
build-git-commit-hash = d29356de3f6bb5e706840fbdf26f909c396002d2
vfs-root = f2d981f1f53b014b66fd90b88ec7d9f8 3cc025f529f8f7dd32dedb37fe0031ee
vfs-root-size = 178 184
vfs-1 = f2d981f1f53b014b66fd90b88ec7d9f8 3cc025f529f8f7dd32dedb37fe0031ee
vfs-1-size = 178 184
vfs-2 = 4674edc8860bb78d184c9ddc12ed29b0 4bfe0880606ec5eedf38103cc85e59b7
vfs-2-size = 410 377
vfs-3 = 8618352f21cc8137eb7c66cc8f4b2fe9 08584b191337a08cfc3aa1db8bd69616
vfs-3-size = 189473 113065
vfs-4 = 824f6542def445a14f4f5cf3d70d5ab1 451b43c6cb7eee3342790a381e322455
vfs-4-size = 102842 61433
vfs-5 = 29e30b8fb07a965cf7eea1c8028f9867 6f0636551223743f05c601df9d8778d8
vfs-5-size = 103325 61675
vfs-6 = 70ff00a589ce2292e57f95d0a3624bb9 9001a41fe9f7a0560d8da79c13c37635
vfs-6-size = 103973 62109
vfs-7 = dbc299739a10f87c31945c1e5c31fb51 7f5f06573d31bd392023b7523353f446
vfs-7-size = 103948 62029
vfs-8 = 9f9beb9155315f08e8f99acc9ba33e1b cd6a9d1114c44561f1b17c2c44021187
vfs-8-size = 103864 62025
vfs-9 = 5047539223143f972366fe23d98006bd 34ab4db37516d52447b04a3198e17eea
vfs-9-size = 127509 69929
vfs-10 = eac6b830d6820da9bd189e3fa4e64abc c83fdba0a6d26f513d58ae56a9a63be2
vfs-10-size = 4977 3410
vfs-11 = ac98bc59080fae63aa3251fc89d7c5cc 05563674edd0a83adaf2277569cb6815
vfs-11-size = 163295 91141
vfs-12 = 810806351b3d4acfbcedad9d0f912cb6 3b6756bcadead451dce6f4a6eb0dbe10
vfs-12-size = 343073 202862
vfs-13 = dcbb625b0f009e6ecbcdaedf025fd51d 8219a6f1aa9dfa6a405521b6388cfd08
vfs-13-size = 120375 71746
vfs-14 = d9d1f16f60eda39879a648f33e771dee 73a7b085efa28f36ee54b0ed6a85a980
vfs-14-size = 121540 72467
vfs-15 = 9e3259cfbf0429987ed85ec190c7bf4d f085853f12ec42ebc280c45ce5d395d4
vfs-15-size = 121497 72401
vfs-16 = 5998b0c1e237ae030a8d087077d1c5bc f134865ddd99f438c57e993f90a67605
vfs-16-size = 121542 72396
vfs-17 = aa0a141868e8f924583a76053e56e373 cf6b3c0cb59a101e92db0a28135abe04
vfs-17-size = 410 375
vfs-18 = 48ef591f6cef135a57cef0472f40625d 2e1d3d4928c4196f89260ca7af9a94be
vfs-18-size = 189473 113062
vfs-19 = 824f6542def445a14f4f5cf3d70d5ab1 451b43c6cb7eee3342790a381e322455
vfs-19-size = 102842 61433
vfs-20 = 29e30b8fb07a965cf7eea1c8028f9867 6f0636551223743f05c601df9d8778d8
vfs-20-size = 103325 61675
vfs-21 = 70ff00a589ce2292e57f95d0a3624bb9 9001a41fe9f7a0560d8da79c13c37635
vfs-21-size = 103973 62109
vfs-22 = dbc299739a10f87c31945c1e5c31fb51 7f5f06573d31bd392023b7523353f446
vfs-22-size = 103948 62029
vfs-23 = 9f9beb9155315f08e8f99acc9ba33e1b cd6a9d1114c44561f1b17c2c44021187
vfs-23-size = 103864 62025
vfs-24 = 450b8a8cb49a476597d91f59b4e44b86 0d73861ea49bef1910569af1524f8c60
vfs-24-size = 127509 69981
vfs-25 = eac6b830d6820da9bd189e3fa4e64abc c83fdba0a6d26f513d58ae56a9a63be2
vfs-25-size = 4977 3410

