# Build Configuration

root = 240cbd44670c3ce5e890ca221df1a998
install = 7a84c6928d01f245f9a38821c598f5b8 c9bca45309b6a7e5be4409cbee58c84e
install-size = 4106529 3983508
download = 6b61c533ba81e85750c76bdc239b875b 74ac1b8378e0567bc81c0fac35b7b67d
download-size = 492244 452659
size = 6f9119531303d0417c6ad6ad39ca4a1d 028b5286bd0f9d5463052454e39ea6a4
size-size = 311609 278326
encoding = a6ada2fcebd678841c7fde2fd5057125 cfba3aeacd5974fec550e7f6441477b7
encoding-size = 1288099 1288273
build-name = 11.1.0.113790.dp-blingtron9hotfix.dabc538f91.Filtered
build-product = Gryphon
build-uid = gryphon
build-token = d5e6a5d2-a22c-1c4d-97b7-82d51c3d5c8c
build-data-compatibility-hash = 214eaee62643b9c0a01ae8397f45dc83
build-data-content-hash = 5c44765c8fb75feb5908671c03990c3b
build-full-version = 11.1.0.113790.dp-blingtron9hotfix.dabc538f91
build-version = 11.1.0.113790
build-git-branch = dp-blingtron9hotfix
build-git-commit-hash = dabc538f9197a68a953fbad38155ed34a00998db
vfs-root = 071c2501d0dbf35b7be433fbf208b8ad c1c5f6b87056f103f4423dc027e72200
vfs-root-size = 178 184
vfs-1 = 071c2501d0dbf35b7be433fbf208b8ad c1c5f6b87056f103f4423dc027e72200
vfs-1-size = 178 184
vfs-2 = fc1238ee3866292f8be786e472b6c7a9 690a9eb7f13cfc7fe688cdb97be575e8
vfs-2-size = 410 375
vfs-3 = c66ade39d52200535c09d9285c74bddb 44a9ba4023044d50c3107ff85216a4bc
vfs-3-size = 224096 133892
vfs-4 = 0bbb8eba49ded4c4f8f9579f7f200ab8 7826134752d97ae9f3bf315a9d4b2425
vfs-4-size = 118658 70640
vfs-5 = 8716838b3a0314508f280f358d5b4447 ffc673b9c4c27becd967169713b7a575
vfs-5-size = 119900 71478
vfs-6 = 9454e7313b9035a3eafd6f8c8554d669 517fc2b81b5fe327a0e49964f3e35e55
vfs-6-size = 121066 72183
vfs-7 = 51cf3d6b1d38ab12054feebfa703da0e ccef2fbb25de47b1985f36546194dcff
vfs-7-size = 121012 72156
vfs-8 = d9afc6203475b15ffc22f662e3a068b6 117b069866e890689dfbdf3d5922af24
vfs-8-size = 121073 72122
vfs-9 = e49ccbcab113906ca98990aca7ac759e 26aca4354e7f54d9a146a14e69d5fc83
vfs-9-size = 143877 78477
vfs-10 = 1878076287882c99bda32a209cf77fc8 faec85ec2b2e540c4306c45252f7f8fb
vfs-10-size = 4876 3346
vfs-11 = 6998f357069dc5c4395faadde2390393 a19fec67996fb0f54cf395aaadbcef7a
vfs-11-size = 156749 87451
vfs-12 = f9b63c1ca7817ccbb88457a553a03624 8cef5f08a221fa31a448b586ad7c91b6
vfs-12-size = 342602 202598
vfs-13 = 14120e27df6239661336e7f747e8724a 6a205ce3aff4695249a3840d306a25a0
vfs-13-size = 119900 71478
vfs-14 = 4815247d2bb6565446ba62a0919e33ea 59c6891bb2409f457cef583d02820a24
vfs-14-size = 121066 72171
vfs-15 = 53ca98fe0b1baced79dcf8158fed6ce4 1eef3943ded1e209f7469f6d9e22b134
vfs-15-size = 121012 72146
vfs-16 = 6fecae2cf5dd128dd8404613b7b12911 211d27635231e9b0366212b8fa71ef8f
vfs-16-size = 121073 72136
vfs-17 = 0a61fafb3a204fca37e49a59be66df4e 29041aa8d8b25b73ef909839c34f91fc
vfs-17-size = 410 378
vfs-18 = 79e0b17227627c0a2c7094cf25178aaa 97e4fb25965e9a9505253a5839323643
vfs-18-size = 224096 133865
vfs-19 = 0bbb8eba49ded4c4f8f9579f7f200ab8 7826134752d97ae9f3bf315a9d4b2425
vfs-19-size = 118658 70640
vfs-20 = 8716838b3a0314508f280f358d5b4447 ffc673b9c4c27becd967169713b7a575
vfs-20-size = 119900 71478
vfs-21 = 9454e7313b9035a3eafd6f8c8554d669 517fc2b81b5fe327a0e49964f3e35e55
vfs-21-size = 121066 72183
vfs-22 = 51cf3d6b1d38ab12054feebfa703da0e ccef2fbb25de47b1985f36546194dcff
vfs-22-size = 121012 72156
vfs-23 = d9afc6203475b15ffc22f662e3a068b6 117b069866e890689dfbdf3d5922af24
vfs-23-size = 121073 72122
vfs-24 = 77d1c18d8ba8d143efcd4985c7577aa9 e4e723bbe03baf970a939ee889cd114e
vfs-24-size = 143877 78525
vfs-25 = 1878076287882c99bda32a209cf77fc8 faec85ec2b2e540c4306c45252f7f8fb
vfs-25-size = 4876 3346

