# Build Configuration

root = 177067d2bd7b2022ba7a2c18ceb6e0e7
install = cb6029ef28454e908346edbbc833fdaf 8a8ecedff19631bf3910c1d820fb8a37
install-size = 3812016 3703203
download = cad07d536217156857aa5eccab793a72 2484409e486d462290acbc3d9859a0c6
download-size = 475033 438104
size = db68d5b4f363cd43f4138fabe9dc775c 0b2a34cfca327c0e9b334ce5dcbd0573
size-size = 299825 267633
encoding = 160c5f5be2c7cfdab50324188fb5adb8 6364650b01b5f9fa04bcc48f9a01d77b
encoding-size = 1250947 1251122
build-name = 13.0.0.116474.dp-s14-tuning.3e9a4da0cf.Filtered
build-product = Gryphon
build-uid = gryphon
build-token = 4f2d0ad2-4c90-d2fb-2cfc-860c9958ce3a
build-data-compatibility-hash = 0039ce7a1a390db827ab2db0e9a6aa33
build-data-content-hash = c93b61934c1576f439377091e608a093
build-full-version = 13.0.0.116474.dp-s14-tuning.3e9a4da0cf
build-version = 13.0.0.116474
build-git-branch = dp-s14-tuning
build-git-commit-hash = 3e9a4da0cfaa61fd43041dad242bd960a92b1eb8
vfs-root = 574f2ec72eef7b01acf5c9256f54f419 26a7c0e69e8cf45912799601060a03b1
vfs-root-size = 178 184
vfs-1 = 574f2ec72eef7b01acf5c9256f54f419 26a7c0e69e8cf45912799601060a03b1
vfs-1-size = 178 184
vfs-2 = b3d9a48c3997bfcf8bd00d0550c04695 fa2cbaa85041a4f62391e2d85755b330
vfs-2-size = 410 376
vfs-3 = 8618352f21cc8137eb7c66cc8f4b2fe9 08584b191337a08cfc3aa1db8bd69616
vfs-3-size = 189473 113065
vfs-4 = 824f6542def445a14f4f5cf3d70d5ab1 451b43c6cb7eee3342790a381e322455
vfs-4-size = 102842 61433
vfs-5 = 29e30b8fb07a965cf7eea1c8028f9867 6f0636551223743f05c601df9d8778d8
vfs-5-size = 103325 61675
vfs-6 = 70ff00a589ce2292e57f95d0a3624bb9 9001a41fe9f7a0560d8da79c13c37635
vfs-6-size = 103973 62109
vfs-7 = dbc299739a10f87c31945c1e5c31fb51 7f5f06573d31bd392023b7523353f446
vfs-7-size = 103948 62029
vfs-8 = 9f9beb9155315f08e8f99acc9ba33e1b cd6a9d1114c44561f1b17c2c44021187
vfs-8-size = 103864 62025
vfs-9 = 6606da324997721283c18d228a0ace20 d0902642388fbda3044db7735fdbb127
vfs-9-size = 127013 69625
vfs-10 = eac6b830d6820da9bd189e3fa4e64abc c83fdba0a6d26f513d58ae56a9a63be2
vfs-10-size = 4977 3410
vfs-11 = e104718c90201699bea77f8af804b621 69d78204fdc6c9070e48972c386a8fa2
vfs-11-size = 163295 91138
vfs-12 = 810806351b3d4acfbcedad9d0f912cb6 3b6756bcadead451dce6f4a6eb0dbe10
vfs-12-size = 343073 202862
vfs-13 = dcbb625b0f009e6ecbcdaedf025fd51d 8219a6f1aa9dfa6a405521b6388cfd08
vfs-13-size = 120375 71746
vfs-14 = d9d1f16f60eda39879a648f33e771dee 73a7b085efa28f36ee54b0ed6a85a980
vfs-14-size = 121540 72467
vfs-15 = 9e3259cfbf0429987ed85ec190c7bf4d f085853f12ec42ebc280c45ce5d395d4
vfs-15-size = 121497 72401
vfs-16 = 5998b0c1e237ae030a8d087077d1c5bc f134865ddd99f438c57e993f90a67605
vfs-16-size = 121542 72396
vfs-17 = 170de6c7bfa597f30b48499f542d4525 345656c0011ba2307a53c34acbbfe652
vfs-17-size = 410 375
vfs-18 = 48ef591f6cef135a57cef0472f40625d 2e1d3d4928c4196f89260ca7af9a94be
vfs-18-size = 189473 113062
vfs-19 = 824f6542def445a14f4f5cf3d70d5ab1 451b43c6cb7eee3342790a381e322455
vfs-19-size = 102842 61433
vfs-20 = 29e30b8fb07a965cf7eea1c8028f9867 6f0636551223743f05c601df9d8778d8
vfs-20-size = 103325 61675
vfs-21 = 70ff00a589ce2292e57f95d0a3624bb9 9001a41fe9f7a0560d8da79c13c37635
vfs-21-size = 103973 62109
vfs-22 = dbc299739a10f87c31945c1e5c31fb51 7f5f06573d31bd392023b7523353f446
vfs-22-size = 103948 62029
vfs-23 = 9f9beb9155315f08e8f99acc9ba33e1b cd6a9d1114c44561f1b17c2c44021187
vfs-23-size = 103864 62025
vfs-24 = b73e80dc91bbbd30ad68adc700069b6a 57481d03e60aeba82fe552b67ad67d1b
vfs-24-size = 127013 69687
vfs-25 = eac6b830d6820da9bd189e3fa4e64abc c83fdba0a6d26f513d58ae56a9a63be2
vfs-25-size = 4977 3410

