# Build Configuration

root = 5dc11065a0f1d7ede94b2396a88cdb93
install = e5a97d0fa1b9306fb3f292d8e7fb5664 29327610dc358475ea1f292196eef87e
install-size = 1756347 1678136
download = a8f89d0e04cb23ae4c2465bb045b35b3 df2623e0ce7c56cc1dd9ee77b15a8282
download-size = 317470 288655
size = a5b8155682a2e0e65066733ba4fc8fc9 98fa31fa96b41c4e663ed7484ba31ed4
size-size = 201041 176810
encoding = adae711f607d049e7ac40b8618eca7eb c3b509305a294691a322248d8e276793
encoding-size = 834018 834188
patch-index = ab2a9607684791eb2b853b46bc622043 b3c6f290934f5372b4e95ebee4524c37
patch-index-size = 390752 332890
patch = 324609f76068341db1a7866439f18313
patch-size = 385029
patch-config = 9e93b5d5673e060fb181516d58660fa3
build-name = 5.0.0.93600.dp-spell-base.4c7c55d4a6.Filtered
build-product = Gryphon
build-uid = gryphon
build-token = 690824f1-e925-d3e0-f953-99a9230fd861
build-data-compatibility-hash = 4ff7f35db8b8dab29dfb37923b0ffc51
build-data-content-hash = 45a597921f526d7df68b66235e297f3e
build-full-version = 5.0.0.93600.dp-spell-base.4c7c55d4a6
build-version = 5.0.0.93600
build-git-branch = dp-spell-base
build-git-commit-hash = 4c7c55d4a6f19c3f553f5600eda68c29eb579c0f
vfs-root = 7cacc0b57487446c5f0d864d7431367b 67cac2a5309e0c2b1eb4fec7ac967595
vfs-root-size = 173 195
vfs-1 = 7cacc0b57487446c5f0d864d7431367b 67cac2a5309e0c2b1eb4fec7ac967595
vfs-1-size = 173 195
vfs-2 = 81cba083b18fc769f0f941dba25ebd19 b6ddb2c085442cdb634564f8328f30f0
vfs-2-size = 249162 187205
vfs-3 = abd868f1677c3cc2108a31063f3c3d09 396c4febab376ee3e2ba620c304d23e2
vfs-3-size = 343877 258704
vfs-4 = 45986e71c6dfed191c73d7d40e564233 be264a96afb6e79d5cf9dc0bba4b9050
vfs-4-size = 153592 107265
vfs-5 = 85f5114ada9ad0caeb4ec0234de23d97 040f2ce00e00fd89fa066b44fab5b444
vfs-5-size = 159244 111936
vfs-6 = 44c40b5927b899f4498f4e80d6db879b 6fb65173d767ab38cc2f38a99889b698
vfs-6-size = 159130 111898
vfs-7 = 2a056b79de2f3207fec802e5676f53b0 f15309a2e614770f56e2539144be20fc
vfs-7-size = 159067 111826
vfs-8 = bbd61c385934eb67888fe20cf18b6223 b9fbf42c9312d693d8994dc95c5eb588
vfs-8-size = 158861 111685
vfs-9 = 14a13a6f4d7cc210c9f84099548fb9a3 e37dcd414f45ea79541cc667c7b7cfc1
vfs-9-size = 5186 4041
vfs-10 = cedefd3bbdaecc1fad36a428ec24dc3f 2c3e17f55c029fbe257a92ec004f0d24
vfs-10-size = 161169 104459
vfs-11 = 2d4fd5cc35455bc4cd26e83c66f1f20b 01fcccf192be3be15a797d25b6dcbd21
vfs-11-size = 343553 258412
vfs-12 = 45986e71c6dfed191c73d7d40e564233 be264a96afb6e79d5cf9dc0bba4b9050
vfs-12-size = 153592 107265
vfs-13 = 85f5114ada9ad0caeb4ec0234de23d97 040f2ce00e00fd89fa066b44fab5b444
vfs-13-size = 159244 111936
vfs-14 = 44c40b5927b899f4498f4e80d6db879b 6fb65173d767ab38cc2f38a99889b698
vfs-14-size = 159130 111898
vfs-15 = 2a056b79de2f3207fec802e5676f53b0 f15309a2e614770f56e2539144be20fc
vfs-15-size = 159067 111826
vfs-16 = bbd61c385934eb67888fe20cf18b6223 b9fbf42c9312d693d8994dc95c5eb588
vfs-16-size = 158861 111685
vfs-17 = 14a13a6f4d7cc210c9f84099548fb9a3 e37dcd414f45ea79541cc667c7b7cfc1
vfs-17-size = 5186 4041

