# Build Configuration

root = 39079a7b220892780ec9bc2d204a0ac3
install = 7cffe8658feda655fefe2f45d4c768bd 722346cfcc419c2650299c33687cfb5f
install-size = 1857802 1781202
download = 8ff18a2bc065bd8c56bf322ee318dc9d 31544a5d4ae52579b85018be35b753de
download-size = 366624 336236
size = d28fc04a84e8d0f8ca9e840313a77ee5 e3d1d42bac3bb603e4371b69ad90197e
size-size = 232132 206314
encoding = 228d393c79b5baae2fe1a7142bebc220 ae30d5ac3af87cb738b563d6e28a15a1
encoding-size = 957858 958028
build-name = 10.0.0.110160.dp-pilgrim-bal.e8e2467f21.Filtered
build-product = Gryphon
build-uid = gryphon
build-token = 90d562ba-606e-f2c8-8cfd-59ea09dc0bd2
build-data-compatibility-hash = 925e9b08dbef38c45ae9e1fbcb837ec5
build-data-content-hash = 2bd98207ef1d21a1502ffa53525cef93
build-full-version = 10.0.0.110160.dp-pilgrim-bal.e8e2467f21
build-version = 10.0.0.110160
build-git-branch = dp-pilgrim-bal
build-git-commit-hash = e8e2467f215a77187f97f3e866be636563e5491a
vfs-root = 4c863566174db99c4a0798a0769694cd 4341b1479c1b5a4caf04eaf360e8de2d
vfs-root-size = 139 152
vfs-1 = 4c863566174db99c4a0798a0769694cd 4341b1479c1b5a4caf04eaf360e8de2d
vfs-1-size = 139 152
vfs-2 = 5900b370a3abdfbd0355d37f30e11e56 3f154d5fa8d05d66e98b42d24f1d0ebf
vfs-2-size = 151232 81776
vfs-3 = 1cf83721f3e48c588ff84afe42c7ef1a 818c408d84a5a73cad25ce2528bbfd40
vfs-3-size = 224314 134025
vfs-4 = 310a00180ef48fde3abe13e0f196aa7c 5b4626827a461b02725c75e29b8eaeca
vfs-4-size = 118317 70460
vfs-5 = bebaae972b9aba967a727fe6d0274631 305cc9a0abab104e33ea0d366f17da10
vfs-5-size = 119564 71278
vfs-6 = a9edf10f6700e417d54ceec933fa6792 6f27ecfa1bf7d2afa2bcf04eac853f35
vfs-6-size = 120724 71988
vfs-7 = f733b5a0017e199127d65e5bd3ae6f49 9913976efa01f8935f31892ce3e5475a
vfs-7-size = 120670 71938
vfs-8 = 4caf286ffd4dba3fcdf2cd983a3463ef 8253776f160be33640b9892d93223f6c
vfs-8-size = 120728 71923
vfs-9 = 6eeeb51bf2bab464ec40dab729a0d4f5 bc7ee52ea080f23c7e1f7d0a83003c89
vfs-9-size = 4549 3144
vfs-10 = c33b203ed5695e566c68d5eff7bceb1f c419609eb65adf8cddf493b05aa8e084
vfs-10-size = 151232 81753
vfs-11 = 3df7722cbc03dc8d1288cde4aeab92e9 4f65216edc1e292f889ceb65889224fc
vfs-11-size = 224096 133888
vfs-12 = 310a00180ef48fde3abe13e0f196aa7c 5b4626827a461b02725c75e29b8eaeca
vfs-12-size = 118317 70460
vfs-13 = bebaae972b9aba967a727fe6d0274631 305cc9a0abab104e33ea0d366f17da10
vfs-13-size = 119564 71278
vfs-14 = a9edf10f6700e417d54ceec933fa6792 6f27ecfa1bf7d2afa2bcf04eac853f35
vfs-14-size = 120724 71988
vfs-15 = f733b5a0017e199127d65e5bd3ae6f49 9913976efa01f8935f31892ce3e5475a
vfs-15-size = 120670 71938
vfs-16 = 4caf286ffd4dba3fcdf2cd983a3463ef 8253776f160be33640b9892d93223f6c
vfs-16-size = 120728 71923
vfs-17 = 6eeeb51bf2bab464ec40dab729a0d4f5 bc7ee52ea080f23c7e1f7d0a83003c89
vfs-17-size = 4549 3144

