# Build Configuration

root = 3a5bc6c96e10ce16b1c437c04eea1ed6
install = a230466a1c6cc596e98e938128cb71dc aa862f87cf7fa9193033ac4572957060
install-size = 1795346 1713601
download = 67a761af5cb0093e655ce0e8cfecae67 011c14e32cbebcbb65ddfaec6bc61fad
download-size = 349244 316399
size = b80ee2a1901a0c1589bf2fb3df752350 19663acd44a933f349fe127506a5ec1b
size-size = 221142 192994
encoding = 8f04911392f7e3bcef39ba1e2520ab40 802fcbf080a26a7cf7ca9c7d3cc29915
encoding-size = 916578 916749
patch-index = 59f8c39b547c4eda1ce6ba4430b3ac97 1394396aff1cba84ca907987bb87d1da
patch-index-size = 41039 32338
patch = 459553bc2052a77bff70a6d6305e18d5
patch-size = 39273
patch-config = 7756bc9c56fd36bff11154d594a5c77b
build-name = 8.0.0.101066.dp-m8unitglobal.0bb9af2b5d.Filtered
build-product = Gryphon
build-uid = gryphon
build-token = 047caf18-a66c-9579-da6c-7eac5df63c94
build-data-compatibility-hash = 316b4dde7dd722ebc7bb1698686c320d
build-data-content-hash = 8f663543f5c45386a6248011eac38c04
build-full-version = 8.0.0.101066.dp-m8unitglobal.0bb9af2b5d
build-version = 8.0.0.101066
build-git-branch = dp-m8unitglobal
build-git-commit-hash = 0bb9af2b5d1069f8c9a4efa80fefe65fd64b76c3
vfs-root = 60a797650e5ff19fc5b50e435a71019b bde6d1e5affe4d1640e05133846e27bf
vfs-root-size = 173 193
vfs-1 = 60a797650e5ff19fc5b50e435a71019b bde6d1e5affe4d1640e05133846e27bf
vfs-1-size = 173 193
vfs-2 = 0f5d625581b86b11f6b38227b7b2d081 6228552bb07d4a6efe13de616cf43f81
vfs-2-size = 185231 120413
vfs-3 = 3eb4b554c9b11114ecd9a6474a8168e5 cf4bd3a7aa7edb22a5ce8b1e18a5bb43
vfs-3-size = 296424 210727
vfs-4 = fd748e71618e6cb2f6a91246b7b0f96a 4849a49d104e281f068954135a656466
vfs-4-size = 157370 110615
vfs-5 = 42239de895341942993e177adbcb1fd6 078f6f7f53a1c395cb85e5f1df6e5121
vfs-5-size = 159119 111925
vfs-6 = 8d413768335f9e3a53b44eb35431da23 d1a8f5713527e57c62aa415e9fd13479
vfs-6-size = 159030 111989
vfs-7 = e21a5af15ed7567a23deca3c3781c36f 45fb5a1a75096094f962176bc74ba9f4
vfs-7-size = 158993 111902
vfs-8 = 2d17600b13c774169083ac8cd9c21ada 8bc8ad57c1570ab130caa809f4adc21e
vfs-8-size = 159020 111882
vfs-9 = 8c384c4c9a2c7b262b7f97c628373582 0c7a5ee59a1076c15375b93fe39cc79e
vfs-9-size = 5640 4395
vfs-10 = a85bc6b7fa9e239af8f10f963d2ea347 f1d481f5e9b2521d9073d93d0c04ad1f
vfs-10-size = 203375 137188
vfs-11 = 5994e67c54171fd228d03057e96c1b81 1561386d92c640b7b3c771a790fda9be
vfs-11-size = 296138 210543
vfs-12 = fd748e71618e6cb2f6a91246b7b0f96a 4849a49d104e281f068954135a656466
vfs-12-size = 157370 110615
vfs-13 = 42239de895341942993e177adbcb1fd6 078f6f7f53a1c395cb85e5f1df6e5121
vfs-13-size = 159119 111925
vfs-14 = 8d413768335f9e3a53b44eb35431da23 d1a8f5713527e57c62aa415e9fd13479
vfs-14-size = 159030 111989
vfs-15 = e21a5af15ed7567a23deca3c3781c36f 45fb5a1a75096094f962176bc74ba9f4
vfs-15-size = 158993 111902
vfs-16 = 2d17600b13c774169083ac8cd9c21ada 8bc8ad57c1570ab130caa809f4adc21e
vfs-16-size = 159020 111882
vfs-17 = 8c384c4c9a2c7b262b7f97c628373582 0c7a5ee59a1076c15375b93fe39cc79e
vfs-17-size = 5640 4395

