# Build Configuration

root = 465da63abab6a2c740be9c086501aeaf
install = f0698a3004fc3860a72dae8400df46a4 7e932b1d8c5b2a9adb26a8aa7c38abb6
install-size = 1743679 1665950
download = 16fc9c11a6875df7d5a16bae0caea6c4 391eaa0f3ec054ada049384bbc2c1fb7
download-size = 314488 285576
size = 992a91f760829622f7f964b22afa7b70 7eed3d989d9da1f47cb14b081ea521bd
size-size = 199148 174403
encoding = 4581a317224c3dfe3e3b3386f848a7ac e89ca7d5ae2eb5d2f35d66f1c6f855f2
encoding-size = 821634 821806
build-name = 4.5.0.87470.m4.5.8e80f78bb6.Filtered
build-product = Gryphon
build-uid = gryphon
build-token = 051958f5-9e1b-1101-c639-f020287c531f
build-data-compatibility-hash = 5af3308d3606691d78fe714ecd01c4e2
build-data-content-hash = 0963368ad94609fa3375f6be033bec79
build-full-version = 4.5.0.87470.m4.5.8e80f78bb6
build-version = 4.5.0.87470
build-git-branch = m4.5
build-git-commit-hash = 8e80f78bb6b31f5a649e4af49ac77c418dd37ec6
vfs-root = 2f9411ff9f8c756a795dd484c90ae4ac 67f2dbc71ffbc7d04510fdb6577d48c5
vfs-root-size = 139 154
vfs-1 = 2f9411ff9f8c756a795dd484c90ae4ac 67f2dbc71ffbc7d04510fdb6577d48c5
vfs-1-size = 139 154
vfs-2 = b0207ec2244cfe027072184a63b4ce0f 9394449626136e743de726a95556d1e7
vfs-2-size = 120088 65187
vfs-3 = b4877e4c2b8242235bfcd9a4a8907f9a 9cc30589fa784852fb4fa98d156769ba
vfs-3-size = 207072 124124
vfs-4 = a01914430e2ddd1866961c7c8a3ef062 e7617bde03f1ded289546a6522b8e6dd
vfs-4-size = 108770 64194
vfs-5 = 8f6c168539178262c751b0bc831eafaf 1098924df91ac5a1abd1d3eaa315f8b3
vfs-5-size = 112613 66779
vfs-6 = 03a6a2e4ffd287fcb1b87ccddfc56b46 38aa99ba0fb5489b25f91b6bbdc9a4da
vfs-6-size = 112491 66860
vfs-7 = 2b0d884376c06fefe071c238072e8d95 2970e8bba9d12d92e5140bcbf2edae8a
vfs-7-size = 112446 66757
vfs-8 = 6b0e5297d2d0c9c8761870a1097d7887 d57d31a925cdcdc874fff4a466e057a4
vfs-8-size = 112308 66683
vfs-9 = 8e3ac383b43ca5fca665f672ef31acae 5a311d9596e530fe6dbdabb792772081
vfs-9-size = 3878 2713
vfs-10 = 00825f6b3cf5d19667322a2fdfa64347 7a1e7f60abbdb5a4dea6b4ded168cc74
vfs-10-size = 120088 65191
vfs-11 = 056b45331123be3d324706a1be93b938 ce9946a1b4faa392bbb0d8add4e21193
vfs-11-size = 207072 124113
vfs-12 = a01914430e2ddd1866961c7c8a3ef062 e7617bde03f1ded289546a6522b8e6dd
vfs-12-size = 108770 64194
vfs-13 = 8f6c168539178262c751b0bc831eafaf 1098924df91ac5a1abd1d3eaa315f8b3
vfs-13-size = 112613 66779
vfs-14 = 03a6a2e4ffd287fcb1b87ccddfc56b46 38aa99ba0fb5489b25f91b6bbdc9a4da
vfs-14-size = 112491 66860
vfs-15 = 2b0d884376c06fefe071c238072e8d95 2970e8bba9d12d92e5140bcbf2edae8a
vfs-15-size = 112446 66757
vfs-16 = 6b0e5297d2d0c9c8761870a1097d7887 d57d31a925cdcdc874fff4a466e057a4
vfs-16-size = 112308 66683
vfs-17 = 8e3ac383b43ca5fca665f672ef31acae 5a311d9596e530fe6dbdabb792772081
vfs-17-size = 3878 2713

