# Build Configuration

root = 89fca526c88e7df0b6fd99fed6bb5534
install = 737ee5e07a8ce5bc9fe7940df3375556 9eb737afa9dc87592df16f7dac62ecb9
install-size = 3812037 3703591
download = 51f4ce5a1e01a1045318515f18527c17 aee164d6c65605c15e18f48f87aedbd1
download-size = 475357 438457
size = a0a294b8068529f1eccc45a7f588ceec 92a7cc64af71817bc6f1666861840e82
size-size = 300032 267767
encoding = ff2533a88454f63fddc1cb48c479bc35 7f70b6d3e8adfdf0be5ccb951c943340
encoding-size = 1250947 1251122
build-name = 12.0.0.115174.dp-arthas.0dcdcbeead.Filtered
build-product = Gryphon
build-uid = gryphon
build-token = 60ab155e-8eb5-3d66-c939-ec4732d40d55
build-data-compatibility-hash = d7514aa102d541e6e857960e4febc53a
build-data-content-hash = b862fe53b2863ef2cbb3570ef53f7534
build-full-version = 12.0.0.115174.dp-arthas.0dcdcbeead
build-version = 12.0.0.115174
build-git-branch = dp-arthas
build-git-commit-hash = 0dcdcbeeadfd23a87c2dde132133263b992862db
vfs-root = c206dc29eba65a51999f3e7e383b4dc3 80dc75f7aee930b34b8ea18ba8cf081e
vfs-root-size = 178 180
vfs-1 = c206dc29eba65a51999f3e7e383b4dc3 80dc75f7aee930b34b8ea18ba8cf081e
vfs-1-size = 178 180
vfs-2 = d6609444b8de5c425e573cce1529460e ae8f690f3c0e23ebff96fc91368829c6
vfs-2-size = 410 376
vfs-3 = 8618352f21cc8137eb7c66cc8f4b2fe9 08584b191337a08cfc3aa1db8bd69616
vfs-3-size = 189473 113065
vfs-4 = 824f6542def445a14f4f5cf3d70d5ab1 451b43c6cb7eee3342790a381e322455
vfs-4-size = 102842 61433
vfs-5 = 29e30b8fb07a965cf7eea1c8028f9867 6f0636551223743f05c601df9d8778d8
vfs-5-size = 103325 61675
vfs-6 = 70ff00a589ce2292e57f95d0a3624bb9 9001a41fe9f7a0560d8da79c13c37635
vfs-6-size = 103973 62109
vfs-7 = dbc299739a10f87c31945c1e5c31fb51 7f5f06573d31bd392023b7523353f446
vfs-7-size = 103948 62029
vfs-8 = 9f9beb9155315f08e8f99acc9ba33e1b cd6a9d1114c44561f1b17c2c44021187
vfs-8-size = 103864 62025
vfs-9 = 67cdf19de6bdec8960b8e14fec7ef829 ca492ff54d953798154b93aa87151804
vfs-9-size = 127733 70085
vfs-10 = eac6b830d6820da9bd189e3fa4e64abc c83fdba0a6d26f513d58ae56a9a63be2
vfs-10-size = 4977 3410
vfs-11 = dcd32af0c95858526ca2b1825451e42d 9adfbc87b8b0d19539e40c2274ed5488
vfs-11-size = 162461 90681
vfs-12 = 55a3563da8252c7a4248986123aa0ea2 2e918e0f0dc55ab966dadb9943c8a9f3
vfs-12-size = 343073 202857
vfs-13 = dcbb625b0f009e6ecbcdaedf025fd51d 8219a6f1aa9dfa6a405521b6388cfd08
vfs-13-size = 120375 71746
vfs-14 = d9d1f16f60eda39879a648f33e771dee 73a7b085efa28f36ee54b0ed6a85a980
vfs-14-size = 121540 72467
vfs-15 = 9e3259cfbf0429987ed85ec190c7bf4d f085853f12ec42ebc280c45ce5d395d4
vfs-15-size = 121497 72401
vfs-16 = 5998b0c1e237ae030a8d087077d1c5bc f134865ddd99f438c57e993f90a67605
vfs-16-size = 121542 72396
vfs-17 = d6d79617fb3ffc1fa18e3a4ee20d56fb ff85e67a179307c9f90e211076123811
vfs-17-size = 410 376
vfs-18 = 48ef591f6cef135a57cef0472f40625d 2e1d3d4928c4196f89260ca7af9a94be
vfs-18-size = 189473 113062
vfs-19 = 824f6542def445a14f4f5cf3d70d5ab1 451b43c6cb7eee3342790a381e322455
vfs-19-size = 102842 61433
vfs-20 = 29e30b8fb07a965cf7eea1c8028f9867 6f0636551223743f05c601df9d8778d8
vfs-20-size = 103325 61675
vfs-21 = 70ff00a589ce2292e57f95d0a3624bb9 9001a41fe9f7a0560d8da79c13c37635
vfs-21-size = 103973 62109
vfs-22 = dbc299739a10f87c31945c1e5c31fb51 7f5f06573d31bd392023b7523353f446
vfs-22-size = 103948 62029
vfs-23 = 9f9beb9155315f08e8f99acc9ba33e1b cd6a9d1114c44561f1b17c2c44021187
vfs-23-size = 103864 62025
vfs-24 = 2987ce3b8c94e86cb78cbfb4186367f7 b1eb34917cd8cd77a41d196951c71acb
vfs-24-size = 127733 70119
vfs-25 = eac6b830d6820da9bd189e3fa4e64abc c83fdba0a6d26f513d58ae56a9a63be2
vfs-25-size = 4977 3410

