# Build Configuration

root = a7538d6072bd60fcadc2fe2da1f39666
install = c368e377f0f27b82bcbd9ab317b98c62 3998ebabd21feb08e1a73289b9ab5ea1
install-size = 4091399 3968953
download = c4d812bbc3a1cb93b14822f0dd9af2e1 05d61275ca44a72a174edb70a7444c5c
download-size = 489434 450171
size = ac687ece8e842778c50cdf83d246adf6 a84eeecad9ee696d16c2f471187bf6e5
size-size = 309834 276781
encoding = 75feab297ce665ae3427142b986cb963 c535f687b07db8444f1aceb24457245a
encoding-size = 1279843 1280018
build-name = 11.0.0.111896.dp-winter-finish.ce4c8cf86f.Filtered
build-product = Gryphon
build-uid = gryphon
build-token = 760e9fe4-bf86-014f-96c9-5a9cf63572ac
build-data-compatibility-hash = 459dd3fbfc3ad7911970400fdc6d1e4d
build-data-content-hash = 2a60017ed2a57158fbdb58e99880a907
build-full-version = 11.0.0.111896.dp-winter-finish.ce4c8cf86f
build-version = 11.0.0.111896
build-git-branch = dp-winter-finish
build-git-commit-hash = ce4c8cf86fcbb9464a02b73013fc00d9416c30e9
vfs-root = 4281d2510431323a5f0467dc7b512752 77e48475f91597d161d7b8fcd64e903d
vfs-root-size = 178 181
vfs-1 = 4281d2510431323a5f0467dc7b512752 77e48475f91597d161d7b8fcd64e903d
vfs-1-size = 178 181
vfs-2 = 0728430ca464c6e2e49a35ba33f1dc8f 61c279cc5879e88c0d55db7536182006
vfs-2-size = 410 375
vfs-3 = ff858d212368bbc9724fe946a59389b2 dbf45638b44c965f10d34ab570d2ab61
vfs-3-size = 224096 133877
vfs-4 = 310a00180ef48fde3abe13e0f196aa7c 5b4626827a461b02725c75e29b8eaeca
vfs-4-size = 118317 70460
vfs-5 = bebaae972b9aba967a727fe6d0274631 305cc9a0abab104e33ea0d366f17da10
vfs-5-size = 119564 71278
vfs-6 = a9edf10f6700e417d54ceec933fa6792 6f27ecfa1bf7d2afa2bcf04eac853f35
vfs-6-size = 120724 71988
vfs-7 = f733b5a0017e199127d65e5bd3ae6f49 9913976efa01f8935f31892ce3e5475a
vfs-7-size = 120670 71938
vfs-8 = 4caf286ffd4dba3fcdf2cd983a3463ef 8253776f160be33640b9892d93223f6c
vfs-8-size = 120728 71923
vfs-9 = 10571bcd979f5ba5de8f2dc2ab6d6432 44e4716b455d2b776054725c9371cfc8
vfs-9-size = 142335 77522
vfs-10 = 9317dfc6861e164c9a58774ed3a29885 0c387373fd4c5e4b69f4f3739356b88a
vfs-10-size = 4694 3228
vfs-11 = 5feb97b22542b72c2ebe846e0df68cd6 bb22c5fc69f36f226f8bbc13b7ab6225
vfs-11-size = 155025 86412
vfs-12 = 60327c8e75649e6cea1c3e827c505a4f 5521f6fc335cf72808524a434326f9a4
vfs-12-size = 342260 202387
vfs-13 = 7bbc6d1381ea8496a8138ca16d5ad923 af18e7f9b8ff7c7aa788c3ef7630b64d
vfs-13-size = 119564 71290
vfs-14 = 708a3606025213ca59e928ab1d5253ed 0d6877879ce27ba75794ca06bb9fc91d
vfs-14-size = 120724 72000
vfs-15 = c23bb03ed8697a2ac1330c94fcdb2271 a90a6c8610122267ea1507372dee9f5a
vfs-15-size = 120670 71957
vfs-16 = ccac9edccf00f1cc0c5565f5f8a5a8fb fa34ed021cdfd28a0b8aa0d724b6124e
vfs-16-size = 120728 71931
vfs-17 = fe55a52cdda4bac03b4ec4ad43c7314f e4e33f8b271e90eb75085d9ea0051db7
vfs-17-size = 410 375
vfs-18 = 3df7722cbc03dc8d1288cde4aeab92e9 4f65216edc1e292f889ceb65889224fc
vfs-18-size = 224096 133888
vfs-19 = 310a00180ef48fde3abe13e0f196aa7c 5b4626827a461b02725c75e29b8eaeca
vfs-19-size = 118317 70460
vfs-20 = bebaae972b9aba967a727fe6d0274631 305cc9a0abab104e33ea0d366f17da10
vfs-20-size = 119564 71278
vfs-21 = a9edf10f6700e417d54ceec933fa6792 6f27ecfa1bf7d2afa2bcf04eac853f35
vfs-21-size = 120724 71988
vfs-22 = f733b5a0017e199127d65e5bd3ae6f49 9913976efa01f8935f31892ce3e5475a
vfs-22-size = 120670 71938
vfs-23 = 4caf286ffd4dba3fcdf2cd983a3463ef 8253776f160be33640b9892d93223f6c
vfs-23-size = 120728 71923
vfs-24 = 2eb02f18e5c8ec408195da725fb71286 48e44c8d95e1a3de37ce3790ef306e22
vfs-24-size = 142335 77573
vfs-25 = 9317dfc6861e164c9a58774ed3a29885 0c387373fd4c5e4b69f4f3739356b88a
vfs-25-size = 4694 3228

