# Build Configuration

root = fd17c7acecc8343a4a7be0a98e3611ba
install = 97b4e13883e2672755683ee937c4a166 4c2b92fec4be0f17d79c9f69a6348209
install-size = 3824278 3717209
download = 8114f0585430e3c42125a0d9ee35687c 457184716d451796d6cf1c3997c2ff11
download-size = 479062 441842
size = 67448c35157bbaa10e79b905220322bc a32f188e5aac2b99165e066570023943
size-size = 302369 269816
encoding = 18c394ef91d92a181bb4b2d9045b4c9c 42ddaf425ed0ae9ffd9fcdd24c63fe4b
encoding-size = 1259203 1259378
build-name = 16.0.0.119140.cp-m16.a505ce14bd.Filtered
build-product = Gryphon
build-uid = gryphon
build-token = 935462fd-8441-2dd2-e832-97d11dc7441e
build-data-compatibility-hash = a99be8dfc94e0a350f1d38f6eaaaf61d
build-data-content-hash = c01735af107898ca5db3b0504ac3e646
build-full-version = 16.0.0.119140.cp-m16.a505ce14bd
build-version = 16.0.0.119140
build-git-branch = cp-m16
build-git-commit-hash = a505ce14bd54dc00e39461bc9bae49a4c48d8e13
feature-placeholder = true
vfs-root = c4127d6ad7f58a18af9e6d6c2abb2e5e 99a5702dc77d93c150360aa680eb69af
vfs-root-size = 178 184
vfs-1 = c4127d6ad7f58a18af9e6d6c2abb2e5e 99a5702dc77d93c150360aa680eb69af
vfs-1-size = 178 184
vfs-2 = f38382397fcf0202a197f1c2686b441f 18bf2c4e8c2887026c4e7fd3e142d3d7
vfs-2-size = 410 380
vfs-3 = db3488aabeb8c6a362e2f5e75ffa0758 c8a11f55d3037a1d14689e41bed85fb5
vfs-3-size = 189473 113052
vfs-4 = fd137fbb5d0d97f87b93a47bba69c765 5640cde3da1b3f995e244abb3cdcb671
vfs-4-size = 102163 61036
vfs-5 = e2ec7a8bc7c77d2a7eb4c8b0e9b1fd9e d1c1b4f8200f0647d588608f1b019fb9
vfs-5-size = 102663 61300
vfs-6 = 94472cce9c157eda90541f7770cb63af c5282a2f50b02c4da308fa50fc0cc8c4
vfs-6-size = 103604 61915
vfs-7 = 28eb3fc60a428bab79790defd5fc6a06 b7231a878f1cfdbc8ff4eee935000ed7
vfs-7-size = 103591 61878
vfs-8 = 5e65fe9030473a06ad780aa2351410fc cc1c9464c5349f5d49098df326f06936
vfs-8-size = 103514 61852
vfs-9 = d8db26c3f82e4773600cc07a1d1d104a 817ec79d0d6e963aaf8dfbfb557ebaf5
vfs-9-size = 126892 69856
vfs-10 = 6d808391c9df40c99ca9f4f67a988cea 895f6db748c783ab42a6922d41a562e4
vfs-10-size = 5026 3439
vfs-11 = ab8cea0cfa48a865624e974131c45438 f37bd4b969b2fbcbf368d2408a6e701f
vfs-11-size = 170474 95168
vfs-12 = f66b7590693c3f087d4e77c0742be4fa 8794682eb2868fcf0a316b46c9a86907
vfs-12-size = 343412 203015
vfs-13 = 6a38c18394c2e8b7b12839e50a6f68e6 44c6fd8eace7eaa1a9d3c4922c48b006
vfs-13-size = 120711 71951
vfs-14 = c973b584f6d2c622f0f10bd7d199891c 9e10d3b19f335010b55d791fafbf36f7
vfs-14-size = 122157 72806
vfs-15 = 02e5cc19c5f09c35684003a429b0cd76 3b6f5ebb77af75ab56e620289eb14aba
vfs-15-size = 122104 72779
vfs-16 = a0673cc9406bf6d021b512032dbef6f7 55376c2aa1745260fe2f1a12bba2db83
vfs-16-size = 122153 72732
vfs-17 = 8adc2db07a42fff33a3eee4583bb087a ede0a2a3c80873e9a2167a86c0a0387b
vfs-17-size = 410 377
vfs-18 = fc1b1f50c6c7cf1c98b6db65b30e10ff 018ec0927adfb1af3581cffe9c83892c
vfs-18-size = 189473 113043
vfs-19 = fd137fbb5d0d97f87b93a47bba69c765 5640cde3da1b3f995e244abb3cdcb671
vfs-19-size = 102163 61036
vfs-20 = e2ec7a8bc7c77d2a7eb4c8b0e9b1fd9e d1c1b4f8200f0647d588608f1b019fb9
vfs-20-size = 102663 61300
vfs-21 = 94472cce9c157eda90541f7770cb63af c5282a2f50b02c4da308fa50fc0cc8c4
vfs-21-size = 103604 61915
vfs-22 = 28eb3fc60a428bab79790defd5fc6a06 b7231a878f1cfdbc8ff4eee935000ed7
vfs-22-size = 103591 61878
vfs-23 = 5e65fe9030473a06ad780aa2351410fc cc1c9464c5349f5d49098df326f06936
vfs-23-size = 103514 61852
vfs-24 = f8ea7a24c73d011a13ef4d3e67bcb443 76063abfabe946b333369aa87d9a46e8
vfs-24-size = 126892 69849
vfs-25 = 6d808391c9df40c99ca9f4f67a988cea 895f6db748c783ab42a6922d41a562e4
vfs-25-size = 5026 3439

