# Build Configuration

root = 227827e8129d78019821982df6a74f31
install = ba75e56eff90cb58bf6b91224071da9c 9e34e966f7fa14c9d010ea3e5db1bd49
install-size = 3832607 3724065
download = 76b8396476c33e84a84e989ccbfc666d f53b6e65fe7c9a6b64ecb588abeac7ed
download-size = 482336 444975
size = 7a17fb23d7fb1e862147d73f09d4e51a 4b96223bb3c19e31dd8bf15630a2442c
size-size = 304428 271786
encoding = 5a5fabe9dffa6b60d09692036289f92c 701b9e7b9cbe1374cfeb385c5d4d1e5e
encoding-size = 1267459 1267632
build-name = 16.0.0.119163.dp-eventdatafix.2a29f6edf7.Filtered
build-product = Gryphon
build-uid = gryphon
build-token = 60b449a2-c112-c1a5-bed6-288b8121ce8b
build-data-compatibility-hash = f3ed4ddaa098f948e1c2f4a37bbbcd34
build-data-content-hash = e21a6cfc7dd66f592c7469d04204cb26
build-full-version = 16.0.0.119163.dp-eventdatafix.2a29f6edf7
build-version = 16.0.0.119163
build-git-branch = dp-eventdatafix
build-git-commit-hash = 2a29f6edf7ab5421456ac534beb02737bdf97142
feature-placeholder = true
vfs-root = 4610e9a2e48308e520f6787571655d30 39031f59eea566cc5dfd327722761a3d
vfs-root-size = 178 183
vfs-1 = 4610e9a2e48308e520f6787571655d30 39031f59eea566cc5dfd327722761a3d
vfs-1-size = 178 183
vfs-2 = 6597d4290dd8ca98c59dad3c129c879f b423d877e61b8e8d27cadbf4d35c96ef
vfs-2-size = 410 379
vfs-3 = db3488aabeb8c6a362e2f5e75ffa0758 c8a11f55d3037a1d14689e41bed85fb5
vfs-3-size = 189473 113052
vfs-4 = fd137fbb5d0d97f87b93a47bba69c765 5640cde3da1b3f995e244abb3cdcb671
vfs-4-size = 102163 61036
vfs-5 = e2ec7a8bc7c77d2a7eb4c8b0e9b1fd9e d1c1b4f8200f0647d588608f1b019fb9
vfs-5-size = 102663 61300
vfs-6 = 94472cce9c157eda90541f7770cb63af c5282a2f50b02c4da308fa50fc0cc8c4
vfs-6-size = 103604 61915
vfs-7 = 28eb3fc60a428bab79790defd5fc6a06 b7231a878f1cfdbc8ff4eee935000ed7
vfs-7-size = 103591 61878
vfs-8 = 5e65fe9030473a06ad780aa2351410fc cc1c9464c5349f5d49098df326f06936
vfs-8-size = 103514 61852
vfs-9 = f554cae06963a047ce7232dfa6ffa80f 61050a0ec857aa74f1b0749c19d69b38
vfs-9-size = 133676 73693
vfs-10 = 6d808391c9df40c99ca9f4f67a988cea 895f6db748c783ab42a6922d41a562e4
vfs-10-size = 5026 3439
vfs-11 = 5aeb8ac9b163f9854e9532c40c32a171 f950f43837286aa8cfa297af93c90c13
vfs-11-size = 170576 95195
vfs-12 = 297b404fc1bfb78fd80b2f713cbbae60 845a41f32e84b32c4254eee0c7372c10
vfs-12-size = 343412 203026
vfs-13 = 6a38c18394c2e8b7b12839e50a6f68e6 44c6fd8eace7eaa1a9d3c4922c48b006
vfs-13-size = 120711 71951
vfs-14 = c973b584f6d2c622f0f10bd7d199891c 9e10d3b19f335010b55d791fafbf36f7
vfs-14-size = 122157 72806
vfs-15 = 02e5cc19c5f09c35684003a429b0cd76 3b6f5ebb77af75ab56e620289eb14aba
vfs-15-size = 122104 72779
vfs-16 = a0673cc9406bf6d021b512032dbef6f7 55376c2aa1745260fe2f1a12bba2db83
vfs-16-size = 122153 72732
vfs-17 = 04751cbfb6b5b115e580504be752a438 a831176843151d7fbf7d7918000ba14e
vfs-17-size = 410 377
vfs-18 = fc1b1f50c6c7cf1c98b6db65b30e10ff 018ec0927adfb1af3581cffe9c83892c
vfs-18-size = 189473 113043
vfs-19 = fd137fbb5d0d97f87b93a47bba69c765 5640cde3da1b3f995e244abb3cdcb671
vfs-19-size = 102163 61036
vfs-20 = e2ec7a8bc7c77d2a7eb4c8b0e9b1fd9e d1c1b4f8200f0647d588608f1b019fb9
vfs-20-size = 102663 61300
vfs-21 = 94472cce9c157eda90541f7770cb63af c5282a2f50b02c4da308fa50fc0cc8c4
vfs-21-size = 103604 61915
vfs-22 = 28eb3fc60a428bab79790defd5fc6a06 b7231a878f1cfdbc8ff4eee935000ed7
vfs-22-size = 103591 61878
vfs-23 = 5e65fe9030473a06ad780aa2351410fc cc1c9464c5349f5d49098df326f06936
vfs-23-size = 103514 61852
vfs-24 = d619e646a0374bf9b4195cc58e99cdf7 25d1d827b0663824e424d3c3c47d58b4
vfs-24-size = 127268 70082
vfs-25 = 6d808391c9df40c99ca9f4f67a988cea 895f6db748c783ab42a6922d41a562e4
vfs-25-size = 5026 3439

