# Build Configuration

root = 177067d2bd7b2022ba7a2c18ceb6e0e7
install = b5478df2afbc5d077479fa0e9126f017 4a74cde78129db400f5574f7fd4e54b6
install-size = 3812626 3703767
download = d7ca7559f2fd30726abd121b42b9ff93 1239590ed5ec458c87152acd6b0019f6
download-size = 475272 438319
size = 5645d1b3211369744fe12bd82412d291 aec01cd923585e80acdfb4825447771d
size-size = 299974 267762
encoding = 3e28c7d592b1d6747653a52b9fbda6ae 60dd51b9a9e4ecfe2ec367787a3c5dd1
encoding-size = 1250947 1251122
build-name = 13.0.0.116891.dp-coops14fix.03cbc47d3b.Filtered
build-product = Gryphon
build-uid = gryphon
build-token = 414dde7d-918d-3974-f6c4-0994e3d03cf3
build-data-compatibility-hash = 631682258ef0ee1d504e8aab1d404936
build-data-content-hash = 381c991b864017be2f4796d1481f058d
build-full-version = 13.0.0.116891.dp-coops14fix.03cbc47d3b
build-version = 13.0.0.116891
build-git-branch = dp-coops14fix
build-git-commit-hash = 03cbc47d3b225e67cfb27361cebd18f5312dee04
vfs-root = ccaf20936c1cc04f4cf28f1d9ed38a65 d0d37bb1122ed95e12fe2c3d429671ba
vfs-root-size = 178 184
vfs-1 = ccaf20936c1cc04f4cf28f1d9ed38a65 d0d37bb1122ed95e12fe2c3d429671ba
vfs-1-size = 178 184
vfs-2 = aecac1e53de46609e99925479ca2e98d 93ad7bb29219d22be07ac29fa2143e72
vfs-2-size = 410 376
vfs-3 = 8618352f21cc8137eb7c66cc8f4b2fe9 08584b191337a08cfc3aa1db8bd69616
vfs-3-size = 189473 113065
vfs-4 = 824f6542def445a14f4f5cf3d70d5ab1 451b43c6cb7eee3342790a381e322455
vfs-4-size = 102842 61433
vfs-5 = 29e30b8fb07a965cf7eea1c8028f9867 6f0636551223743f05c601df9d8778d8
vfs-5-size = 103325 61675
vfs-6 = 70ff00a589ce2292e57f95d0a3624bb9 9001a41fe9f7a0560d8da79c13c37635
vfs-6-size = 103973 62109
vfs-7 = dbc299739a10f87c31945c1e5c31fb51 7f5f06573d31bd392023b7523353f446
vfs-7-size = 103948 62029
vfs-8 = 9f9beb9155315f08e8f99acc9ba33e1b cd6a9d1114c44561f1b17c2c44021187
vfs-8-size = 103864 62025
vfs-9 = 3021a01122b8e9b6aa508d265e7a1c00 850796b0acdc316c646c8770c92e90bc
vfs-9-size = 127259 69789
vfs-10 = eac6b830d6820da9bd189e3fa4e64abc c83fdba0a6d26f513d58ae56a9a63be2
vfs-10-size = 4977 3410
vfs-11 = 268dd4cd56f40df2f2107bb919b25d49 d3847d1b1cff8e93e6ca5a49be44f7ce
vfs-11-size = 163295 91126
vfs-12 = 810806351b3d4acfbcedad9d0f912cb6 3b6756bcadead451dce6f4a6eb0dbe10
vfs-12-size = 343073 202862
vfs-13 = dcbb625b0f009e6ecbcdaedf025fd51d 8219a6f1aa9dfa6a405521b6388cfd08
vfs-13-size = 120375 71746
vfs-14 = d9d1f16f60eda39879a648f33e771dee 73a7b085efa28f36ee54b0ed6a85a980
vfs-14-size = 121540 72467
vfs-15 = 9e3259cfbf0429987ed85ec190c7bf4d f085853f12ec42ebc280c45ce5d395d4
vfs-15-size = 121497 72401
vfs-16 = 5998b0c1e237ae030a8d087077d1c5bc f134865ddd99f438c57e993f90a67605
vfs-16-size = 121542 72396
vfs-17 = 9f29baaaf5664bf2c2a15b839aaff091 b7e84f870430860f178bedfcbddfdd8a
vfs-17-size = 410 375
vfs-18 = 48ef591f6cef135a57cef0472f40625d 2e1d3d4928c4196f89260ca7af9a94be
vfs-18-size = 189473 113062
vfs-19 = 824f6542def445a14f4f5cf3d70d5ab1 451b43c6cb7eee3342790a381e322455
vfs-19-size = 102842 61433
vfs-20 = 29e30b8fb07a965cf7eea1c8028f9867 6f0636551223743f05c601df9d8778d8
vfs-20-size = 103325 61675
vfs-21 = 70ff00a589ce2292e57f95d0a3624bb9 9001a41fe9f7a0560d8da79c13c37635
vfs-21-size = 103973 62109
vfs-22 = dbc299739a10f87c31945c1e5c31fb51 7f5f06573d31bd392023b7523353f446
vfs-22-size = 103948 62029
vfs-23 = 9f9beb9155315f08e8f99acc9ba33e1b cd6a9d1114c44561f1b17c2c44021187
vfs-23-size = 103864 62025
vfs-24 = 57bc033cb6d60d510f64e77a6b2ce580 e2084ea04c463effa3b497718c56424c
vfs-24-size = 127259 69828
vfs-25 = eac6b830d6820da9bd189e3fa4e64abc c83fdba0a6d26f513d58ae56a9a63be2
vfs-25-size = 4977 3410

