# Build Configuration

root = 240cbd44670c3ce5e890ca221df1a998
install = 4ed765cd0855da063ecff49b9ee51d7f 0817b596a31490640dbe7d735c9769bb
install-size = 4106529 3983457
download = 242edef35aa7df1cbab47393b0057fe1 48367a2be9864e8c9fa263d6840de287
download-size = 492244 452653
size = 3dad9bcf4353cee77fe08ec404879008 57749442bcbb3dd4c7e47960cff868b6
size-size = 311609 278256
encoding = 80193bcbe2cfadf36ef8e7d368ffd027 d929485062e64a242842985ec399634f
encoding-size = 1288099 1288273
build-name = 11.1.0.113603.dp-avatar-name.5a93285136.Filtered
build-product = Gryphon
build-uid = gryphon
build-token = 3c053478-0a7e-c10c-cdd3-378aef83eff2
build-data-compatibility-hash = b12694a000b863c67463bff91986b647
build-data-content-hash = 56086a1b7a31bb09b675f0b1d478aee0
build-full-version = 11.1.0.113603.dp-avatar-name.5a93285136
build-version = 11.1.0.113603
build-git-branch = dp-avatar-name
build-git-commit-hash = 5a93285136c3f46f811198ec0276ceee0155de38
vfs-root = 294370bbf301c7adf1739420698578c1 5f10edd9526e30098b5a00939da659a5
vfs-root-size = 178 181
vfs-1 = 294370bbf301c7adf1739420698578c1 5f10edd9526e30098b5a00939da659a5
vfs-1-size = 178 181
vfs-2 = a323db0aaa0f098a1bc1bc0fe2869a56 63e59b9595acce1eb5b2edc6a96bf82b
vfs-2-size = 410 378
vfs-3 = 5e3f606291581e1ea3de389d0d994a25 71faba3beb0146b0b3f63c19b01f07c4
vfs-3-size = 224096 133883
vfs-4 = c37b61b746d02ca59ad6fd9bb4fa34bf 4e878a0836f1efad63d1e172ca77b821
vfs-4-size = 118658 70639
vfs-5 = c3a787eaffeaa84bc04f5621856dd217 442367e354239ccb19237bf516274bbe
vfs-5-size = 119900 71484
vfs-6 = efa1f760665809c87f55920d24c12c73 c21cf8f76cf51456b9d8200983807abd
vfs-6-size = 121066 72175
vfs-7 = c6a20f832400f13733472ce902452ecd b6cfad55e8ea083a5ee9c67adce14cff
vfs-7-size = 121012 72158
vfs-8 = 090e1ba11a4170073bdc40f0b3a09658 68f4b35005fdfe507c1bd23927b7e022
vfs-8-size = 121073 72129
vfs-9 = 6ddd2e3b5762b4644ecc1437cb5babf8 64bdda164528a77cb5b33e7814884cb7
vfs-9-size = 143877 78487
vfs-10 = 1878076287882c99bda32a209cf77fc8 faec85ec2b2e540c4306c45252f7f8fb
vfs-10-size = 4876 3346
vfs-11 = 81ac6f25a3d1c1c1d58f1a53b5b85fb2 fef6f6411c30c1079d5167d9e2ca88d2
vfs-11-size = 156749 87473
vfs-12 = 4423583d6058a90a8de17f6327f195ed 8b8fa59205163630952069e0f54eb5cb
vfs-12-size = 342602 202582
vfs-13 = 11faf6c2ef206aa597edb5b73d1ba1fc 96249119c0c48c200529913d749224e5
vfs-13-size = 119900 71492
vfs-14 = fa15afcf0f30af636989f10d059a55b4 e05a08227c8a6b151b542cb83b386cb5
vfs-14-size = 121066 72186
vfs-15 = 4e7c6166f779d8ccf152c4087897a492 fa2443c07d0ecb8b724d1a3ccbec6dbf
vfs-15-size = 121012 72161
vfs-16 = 4930d2453dfd6d0c3c8c32258156c992 811d9cdb03e56046d5e6f34773ff6e0a
vfs-16-size = 121073 72140
vfs-17 = df2a50e39aa8dbec0c4e1c033f334c36 fa0c23c3045f1ea5cb29c8a7ba2663f4
vfs-17-size = 410 378
vfs-18 = 10e5298a1b815c94f070e4e047182c1c 2cba732644642d63f40b6064e59ce4d0
vfs-18-size = 224096 133882
vfs-19 = c37b61b746d02ca59ad6fd9bb4fa34bf 4e878a0836f1efad63d1e172ca77b821
vfs-19-size = 118658 70639
vfs-20 = c3a787eaffeaa84bc04f5621856dd217 442367e354239ccb19237bf516274bbe
vfs-20-size = 119900 71484
vfs-21 = efa1f760665809c87f55920d24c12c73 c21cf8f76cf51456b9d8200983807abd
vfs-21-size = 121066 72175
vfs-22 = c6a20f832400f13733472ce902452ecd b6cfad55e8ea083a5ee9c67adce14cff
vfs-22-size = 121012 72158
vfs-23 = 090e1ba11a4170073bdc40f0b3a09658 68f4b35005fdfe507c1bd23927b7e022
vfs-23-size = 121073 72129
vfs-24 = ec7f0049cbb9faa1993f9d4bb879fbff 2e5afdf97a55bacb1ca86809b438597f
vfs-24-size = 143877 78539
vfs-25 = 1878076287882c99bda32a209cf77fc8 faec85ec2b2e540c4306c45252f7f8fb
vfs-25-size = 4876 3346

