# Build Configuration

root = 618c2a100ac2c0087ed62a208d3e35ea
install = 192e8390997ad1ecdb0bb5128f54fa7f 259d16f1b2fa127bdbaee7e258aa279c
install-size = 3813711 3705563
download = 44f73c2ba39737ddadb09de214042961 dd7d1bbb38acd2ad9f3db4859526fe47
download-size = 474643 437702
size = 7a2e1fc7b0293f4935599d2a0b4280db 394be6103fe5bac2a4493a098d58a621
size-size = 299579 267266
encoding = 7dc155df7433173d59bc11b1ef00564d c7dd9fa226f48d02f0634162b343aea3
encoding-size = 1246819 1246993
build-name = 14.0.0.117232.m14.db87eaf23a.Filtered
build-product = Gryphon
build-uid = gryphon
build-token = ac805da5-e132-d8c8-0d2a-a81af2d535f7
build-data-compatibility-hash = 8a0b22a2e45daf9917a6c17b7179348e
build-data-content-hash = 1640fa3deade8cb450624d35bc113acc
build-full-version = 14.0.0.117232.m14.db87eaf23a
build-version = 14.0.0.117232
build-git-branch = m14
build-git-commit-hash = db87eaf23ae7c6d574d97a69df775e4743f9ac80
vfs-root = 6a09a1e80acc0a79daae714254d27f87 62d8211612f65a413ce82d12e6903560
vfs-root-size = 178 183
vfs-1 = 6a09a1e80acc0a79daae714254d27f87 62d8211612f65a413ce82d12e6903560
vfs-1-size = 178 183
vfs-2 = f1592cf717664c5f214d5b061e65c570 f4f4a83c12405b4e12cea9921a8ff5ce
vfs-2-size = 410 375
vfs-3 = 8618352f21cc8137eb7c66cc8f4b2fe9 08584b191337a08cfc3aa1db8bd69616
vfs-3-size = 189473 113065
vfs-4 = 824f6542def445a14f4f5cf3d70d5ab1 451b43c6cb7eee3342790a381e322455
vfs-4-size = 102842 61433
vfs-5 = 29e30b8fb07a965cf7eea1c8028f9867 6f0636551223743f05c601df9d8778d8
vfs-5-size = 103325 61675
vfs-6 = 70ff00a589ce2292e57f95d0a3624bb9 9001a41fe9f7a0560d8da79c13c37635
vfs-6-size = 103973 62109
vfs-7 = dbc299739a10f87c31945c1e5c31fb51 7f5f06573d31bd392023b7523353f446
vfs-7-size = 103948 62029
vfs-8 = 9f9beb9155315f08e8f99acc9ba33e1b cd6a9d1114c44561f1b17c2c44021187
vfs-8-size = 103864 62025
vfs-9 = 0cbdfb56f8ad8611ca312055c9091c82 ddb9204b3d64b13b72e42974cd08f632
vfs-9-size = 125767 68935
vfs-10 = eac6b830d6820da9bd189e3fa4e64abc c83fdba0a6d26f513d58ae56a9a63be2
vfs-10-size = 4977 3410
vfs-11 = 7f1541942dd8363ec41beda94766b594 2d24ddff6557664ac8434c55950561b7
vfs-11-size = 165033 91960
vfs-12 = 810806351b3d4acfbcedad9d0f912cb6 3b6756bcadead451dce6f4a6eb0dbe10
vfs-12-size = 343073 202862
vfs-13 = dcbb625b0f009e6ecbcdaedf025fd51d 8219a6f1aa9dfa6a405521b6388cfd08
vfs-13-size = 120375 71746
vfs-14 = d9d1f16f60eda39879a648f33e771dee 73a7b085efa28f36ee54b0ed6a85a980
vfs-14-size = 121540 72467
vfs-15 = 9e3259cfbf0429987ed85ec190c7bf4d f085853f12ec42ebc280c45ce5d395d4
vfs-15-size = 121497 72401
vfs-16 = 5998b0c1e237ae030a8d087077d1c5bc f134865ddd99f438c57e993f90a67605
vfs-16-size = 121542 72396
vfs-17 = cf7815907737424be3ba00ad890893a9 8982211baa50b1a1873ac67299d52708
vfs-17-size = 410 378
vfs-18 = 48ef591f6cef135a57cef0472f40625d 2e1d3d4928c4196f89260ca7af9a94be
vfs-18-size = 189473 113062
vfs-19 = 824f6542def445a14f4f5cf3d70d5ab1 451b43c6cb7eee3342790a381e322455
vfs-19-size = 102842 61433
vfs-20 = 29e30b8fb07a965cf7eea1c8028f9867 6f0636551223743f05c601df9d8778d8
vfs-20-size = 103325 61675
vfs-21 = 70ff00a589ce2292e57f95d0a3624bb9 9001a41fe9f7a0560d8da79c13c37635
vfs-21-size = 103973 62109
vfs-22 = dbc299739a10f87c31945c1e5c31fb51 7f5f06573d31bd392023b7523353f446
vfs-22-size = 103948 62029
vfs-23 = 9f9beb9155315f08e8f99acc9ba33e1b cd6a9d1114c44561f1b17c2c44021187
vfs-23-size = 103864 62025
vfs-24 = a309bf7e9f20d660b4211617308a6101 91609f8928872e729beb651d58d0b5ab
vfs-24-size = 125767 68990
vfs-25 = eac6b830d6820da9bd189e3fa4e64abc c83fdba0a6d26f513d58ae56a9a63be2
vfs-25-size = 4977 3410

