# Build Configuration

root = 1abbf308f04d5c7b157a2724ebefa1eb
install = ac4e8d077eaea4afcf313c484afb0660 6cc665fd9d1c5381f3d14807debb2a19
install-size = 1795346 1720752
download = 4c1906c5e9af124d40ef0a7944d7682e 336b50f1af6e0985cb3976f99c63c2e3
download-size = 346108 316839
size = 726c3dcdfa982e4f599e9790afd403b3 d137768afa32f5a78f0bf7d12c7ebec9
size-size = 219158 193952
encoding = e7f372f74ec0eae2565508aa3a449fad af5de028431c043b5daf1cf0f63a4083
encoding-size = 904194 904363
patch-index = d50f81eccbcd492f4a696b96b3a3681f bd37a6c1ecffbd7013f8fa2e01f7c9c9
patch-index-size = 99782 78493
patch = 400bec40646acb099b84a871f7184c11
patch-size = 93617
patch-config = 6ee76a0b986ee214d05c6b2c045f81ba
build-name = 7.0.0.100407.cp-7.1.0.a5a2403551.Filtered
build-product = Gryphon
build-uid = gryphon
build-token = 07cb8e59-24df-e161-1bc1-1c17787e3619
build-data-compatibility-hash = 62c0dc66b5cb6deaf212fbe062aa5de5
build-data-content-hash = 1d0f908d2b721dd6c02fa94c07852f38
build-full-version = 7.0.0.100407.cp-7.1.0.a5a2403551
build-version = 7.0.0.100407
build-git-branch = cp-7.1.0
build-git-commit-hash = a5a2403551f58137a020505c7e1594e4b11948c7
vfs-root = 91293fc0f1b7291d33073ea54d4ad20b bf4e92616915549632b21f0f899e1583
vfs-root-size = 173 193
vfs-1 = 91293fc0f1b7291d33073ea54d4ad20b bf4e92616915549632b21f0f899e1583
vfs-1-size = 173 193
vfs-2 = 7ca38852c28dea7c35154aeafee8a256 1421d2c22d4975df5c44856353f0f930
vfs-2-size = 180598 117498
vfs-3 = 311db0953ac25d93de438e09d179e4d7 251c0af250cc070afc83df841564bca9
vfs-3-size = 297828 211987
vfs-4 = 87d7b6d7023ce5602ea8780763d567ba 6572891d9c87c1fd2f7bb48d866787f5
vfs-4-size = 158612 111790
vfs-5 = 59f401ac332e0cc21fa6196ba55b867e 2037bd1d5373837ad4dc1914acab5943
vfs-5-size = 160361 113091
vfs-6 = 3bc6b1f2af9740f126c1a9d8aacd1325 cd1317a0262544e71a47a67a07c3f8f2
vfs-6-size = 160272 113172
vfs-7 = 4337ee3b993860bc8a1d95b40a936848 f4c1353adf757c206a8fe041117bd2b0
vfs-7-size = 160235 113047
vfs-8 = eed4144bd2f645af6f92fe619d2ab8df 533f75d363a25426acb1820c5352002a
vfs-8-size = 160289 113063
vfs-9 = 8c384c4c9a2c7b262b7f97c628373582 0c7a5ee59a1076c15375b93fe39cc79e
vfs-9-size = 5640 4395
vfs-10 = e5874da06dda9da7d57d005e189f5853 b581220cc36ce768c4fce1a1c4d312c3
vfs-10-size = 217075 150973
vfs-11 = f974d0e553ba8b16dcbbb983fd90dd83 3282ca02eac4b8686960aac84834c643
vfs-11-size = 297569 211821
vfs-12 = 87d7b6d7023ce5602ea8780763d567ba 6572891d9c87c1fd2f7bb48d866787f5
vfs-12-size = 158612 111790
vfs-13 = 59f401ac332e0cc21fa6196ba55b867e 2037bd1d5373837ad4dc1914acab5943
vfs-13-size = 160361 113091
vfs-14 = 3bc6b1f2af9740f126c1a9d8aacd1325 cd1317a0262544e71a47a67a07c3f8f2
vfs-14-size = 160272 113172
vfs-15 = 4337ee3b993860bc8a1d95b40a936848 f4c1353adf757c206a8fe041117bd2b0
vfs-15-size = 160235 113047
vfs-16 = eed4144bd2f645af6f92fe619d2ab8df 533f75d363a25426acb1820c5352002a
vfs-16-size = 160289 113063
vfs-17 = 8c384c4c9a2c7b262b7f97c628373582 0c7a5ee59a1076c15375b93fe39cc79e
vfs-17-size = 5640 4395

