# Build Configuration

root = 697ec4495ddcebcb79937e05bd200f1a
install = f69c5a1083d0ddfddb0f09aec7645996 cdf1defaf8959aa1c8a2f0f4afc0f768
install-size = 1828366 1752898
download = cb1d4a33272108721bb48f2d5b61d79a b70fe348b8e2f063e13fce8bdc07da91
download-size = 360134 330370
size = db2854f418256ee1ea6c60d876d2c84a 335ccadb1fcaa5068874d1b3b4d4cb20
size-size = 228027 202929
encoding = 5897b7ae799c4b28e8eaa9ab8f2a1452 6f08ffd69269737057b16a51c1d75db8
encoding-size = 945474 945644
build-name = 9.0.0.108041.dp-hallow2.da9fd2ea66.Filtered
build-product = Gryphon
build-uid = gryphon
build-token = 37702e99-2c5e-b08b-d8db-92ac3aeeb57c
build-data-compatibility-hash = 5f09b8f2d9497207fd29e22a6c3211c8
build-data-content-hash = 5245d5f8ddfc7c492c1a31b537aedce2
build-full-version = 9.0.0.108041.dp-hallow2.da9fd2ea66
build-version = 9.0.0.108041
build-git-branch = dp-hallow2
build-git-commit-hash = da9fd2ea66d7439098b5b85b1e60e712b8fb34f2
vfs-root = 64e522fe67ad976342c3bb04ae95d415 de3d489469fff4694637a849cc72cba7
vfs-root-size = 139 152
vfs-1 = 64e522fe67ad976342c3bb04ae95d415 de3d489469fff4694637a849cc72cba7
vfs-1-size = 139 152
vfs-2 = 7459721e3b1fba9fbb4274a87b7f6589 7a961edc9c6e0c3439d1917c995d4bd2
vfs-2-size = 147779 79937
vfs-3 = c3453ddde9dcb6fc2f71a5837147cd00 3adf52b1849b13adfa1fbbf78898a58e
vfs-3-size = 224314 134004
vfs-4 = dd75f438eb31556ea3c9d629571eb43c 634440c1bc820d403dc4f2449d03ff8a
vfs-4-size = 116551 69439
vfs-5 = 96704b81acb381658b44f6d3e41fb682 d70c24332a6d298bd2e33c0e2040420a
vfs-5-size = 117806 70228
vfs-6 = 7ef5c7357d1a13c830a3441b4cdc8219 a0c77d5b485be9c1f0f012337bb64a6b
vfs-6-size = 117802 70312
vfs-7 = df375a9a9ab4ebe49bf5c0f32029346c 13f96f0d52d5e47708d31c42eeaafea8
vfs-7-size = 117776 70317
vfs-8 = 2262088cfbdfb6a440a9eaff6d4061bb d3a72a7d4a220c3f927e0ecf3baec1b6
vfs-8-size = 117830 70259
vfs-9 = 5f6ab89ee0133040412cba6f73de3370 e60065a04b15fb3f889996171663b21e
vfs-9-size = 4459 3125
vfs-10 = 920797b485d153079ed7ba2d8ccf1758 b66ad1eeeee5b2db55924757e6e0cecb
vfs-10-size = 147779 79886
vfs-11 = 88a18c26d670198bdcc82eccea86b0f8 303ab08596e176ab4030b2a72da17a17
vfs-11-size = 224096 133871
vfs-12 = dd75f438eb31556ea3c9d629571eb43c 634440c1bc820d403dc4f2449d03ff8a
vfs-12-size = 116551 69439
vfs-13 = 96704b81acb381658b44f6d3e41fb682 d70c24332a6d298bd2e33c0e2040420a
vfs-13-size = 117806 70228
vfs-14 = 7ef5c7357d1a13c830a3441b4cdc8219 a0c77d5b485be9c1f0f012337bb64a6b
vfs-14-size = 117802 70312
vfs-15 = df375a9a9ab4ebe49bf5c0f32029346c 13f96f0d52d5e47708d31c42eeaafea8
vfs-15-size = 117776 70317
vfs-16 = 2262088cfbdfb6a440a9eaff6d4061bb d3a72a7d4a220c3f927e0ecf3baec1b6
vfs-16-size = 117830 70259
vfs-17 = 5f6ab89ee0133040412cba6f73de3370 e60065a04b15fb3f889996171663b21e
vfs-17-size = 4459 3125

