# Build Configuration

root = 4c34678270552c41a80bb5044d32f58b
install = 7dfd99131ac1e17faa0141875ff5d136 1577bdd340443f839ba9833833d4b30f
install-size = 1827684 1754764
download = 90e9756e4af1598a739b617b8ca626af cbe453b354b528c20e7466ed4f4e16b9
download-size = 353382 324082
size = 52a98b1699733b5a11a1509554113d73 e4f8308f1c768c62fede7eb02f6c7b3c
size-size = 223759 198399
encoding = 0c5bd0b6f5e4652c37a3f95aefb2ce5a 52c5a5daae1ea2d024d00a0e7ce78c1a
encoding-size = 924834 925005
patch-index = d5fffa8003f5d4f1764f798c798b26ae 105fee314b5ae83d499b27ee9a35ed0f
patch-index-size = 88009 68314
patch = e0e81b65e2203a3300ec71a203970f8b
patch-size = 78551
patch-config = af55a715f5178473e0c6214ce3e42019
build-name = 8.5.0.102987.m8.5.42f0f4a805.Filtered
build-product = Gryphon
build-uid = gryphon
build-token = a6929417-9c4e-6fd7-02ec-1c3d3303c04c
build-data-compatibility-hash = bd099149007e1fa040fc9575e3332460
build-data-content-hash = acf1ec4be81742b0b827b1df4abbbd75
build-full-version = 8.5.0.102987.m8.5.42f0f4a805
build-version = 8.5.0.102987
build-git-branch = m8.5
build-git-commit-hash = 42f0f4a805b22b48546f2364812fd77fa8d046c5
vfs-root = f4a3e563dcd43ce7bd305289285ed660 c28cc9fbe1755109bbae1fadadc17994
vfs-root-size = 173 192
vfs-1 = f4a3e563dcd43ce7bd305289285ed660 c28cc9fbe1755109bbae1fadadc17994
vfs-1-size = 173 192
vfs-2 = 38737c5f3663ff6abf6d783720c43a2e 1a2a32137d79e21d13d1e4ff8fef2153
vfs-2-size = 185882 120842
vfs-3 = d8f5ed31c92b1f064814e57be500ba73 8059081ae782e7ff63352621025cfddb
vfs-3-size = 302798 215017
vfs-4 = 66b931293add61e870b038ea1eea4208 7de524b6fd6a6ac082e849335b8df26c
vfs-4-size = 159967 112479
vfs-5 = 26273b0e748d00aabfb158e2ee67de53 3fc5d329d98b3ef3808cb72940f8258c
vfs-5-size = 161724 113816
vfs-6 = f34f345df6571dacb8cda9cc850a0245 75010eb895318548e3eaa9906acef4c5
vfs-6-size = 161774 113995
vfs-7 = b0e4e7ac6e4735515ac6c4a33a2916e4 b05f6de64ca0cf7ec797f7bb79d9f721
vfs-7-size = 161730 113893
vfs-8 = 5914d837cb21bdfe83161f7dee39f1e7 962528ba4e32c4bef6ba1f3943191400
vfs-8-size = 161766 113832
vfs-9 = 2ac81d891ac07164e882b7e4bcf4941d d5d1c2b60c61d191febe834769045a9b
vfs-9-size = 5705 4447
vfs-10 = d4c58ace4eb4474feb3873dfae49aaa8 a6528263bb85c12ee2bb925752e0e2d2
vfs-10-size = 224141 155905
vfs-11 = 83d66caf9bf891916e0a90ad20c3dd1f 1b31aab80fdeed5302da091eeb0c169d
vfs-11-size = 302512 214765
vfs-12 = 66b931293add61e870b038ea1eea4208 7de524b6fd6a6ac082e849335b8df26c
vfs-12-size = 159967 112479
vfs-13 = 26273b0e748d00aabfb158e2ee67de53 3fc5d329d98b3ef3808cb72940f8258c
vfs-13-size = 161724 113816
vfs-14 = f34f345df6571dacb8cda9cc850a0245 75010eb895318548e3eaa9906acef4c5
vfs-14-size = 161774 113995
vfs-15 = b0e4e7ac6e4735515ac6c4a33a2916e4 b05f6de64ca0cf7ec797f7bb79d9f721
vfs-15-size = 161730 113893
vfs-16 = 5914d837cb21bdfe83161f7dee39f1e7 962528ba4e32c4bef6ba1f3943191400
vfs-16-size = 161766 113832
vfs-17 = 2ac81d891ac07164e882b7e4bcf4941d d5d1c2b60c61d191febe834769045a9b
vfs-17-size = 5705 4447

