# Build Configuration

root = 177067d2bd7b2022ba7a2c18ceb6e0e7
install = fc21a8859674a0cd640326b825166c10 ed7f6021773e03696fc4713d434fbb39
install-size = 3812016 3703203
download = aa79c5879a8fd8c9b8dfa6419ca024fc ede6bdcff2ea3ab61755b4fef1d9e72a
download-size = 475033 438104
size = 90e9065682613abba6d2900b84b02c33 d961032cdb61eedde901e21cfc291d29
size-size = 299825 267632
encoding = a239c6a2fc45b79c6d68b89363bd4590 03c918cb3d1c9b0d48385f98bb6ab286
encoding-size = 1250947 1251122
build-name = 13.0.0.116412.dp-s14-tuning.b9f7c16d90.Filtered
build-product = Gryphon
build-uid = gryphon
build-token = d0c6bec4-5e5f-8c8d-84e0-2ad6d84671bc
build-data-compatibility-hash = 0039ce7a1a390db827ab2db0e9a6aa33
build-data-content-hash = 59f93be000d654e612dddabbcbd8e92e
build-full-version = 13.0.0.116412.dp-s14-tuning.b9f7c16d90
build-version = 13.0.0.116412
build-git-branch = dp-s14-tuning
build-git-commit-hash = b9f7c16d9050d54e94e06bd642dae9306a359dcf
vfs-root = 0d50761e515122d09d4a681cbc19d3ae 39df76610457df6db0aa77bb05dfcb36
vfs-root-size = 178 181
vfs-1 = 0d50761e515122d09d4a681cbc19d3ae 39df76610457df6db0aa77bb05dfcb36
vfs-1-size = 178 181
vfs-2 = a890a563302b37d023482b17530f7d78 6bd2ddc550df5fd389183b96486c78b6
vfs-2-size = 410 375
vfs-3 = 8618352f21cc8137eb7c66cc8f4b2fe9 08584b191337a08cfc3aa1db8bd69616
vfs-3-size = 189473 113065
vfs-4 = 824f6542def445a14f4f5cf3d70d5ab1 451b43c6cb7eee3342790a381e322455
vfs-4-size = 102842 61433
vfs-5 = 29e30b8fb07a965cf7eea1c8028f9867 6f0636551223743f05c601df9d8778d8
vfs-5-size = 103325 61675
vfs-6 = 70ff00a589ce2292e57f95d0a3624bb9 9001a41fe9f7a0560d8da79c13c37635
vfs-6-size = 103973 62109
vfs-7 = dbc299739a10f87c31945c1e5c31fb51 7f5f06573d31bd392023b7523353f446
vfs-7-size = 103948 62029
vfs-8 = 9f9beb9155315f08e8f99acc9ba33e1b cd6a9d1114c44561f1b17c2c44021187
vfs-8-size = 103864 62025
vfs-9 = d12bea3844da5a6434f10cc33e43ad9d 4606eab557802a541d4d860a6b21fdbd
vfs-9-size = 127013 69650
vfs-10 = eac6b830d6820da9bd189e3fa4e64abc c83fdba0a6d26f513d58ae56a9a63be2
vfs-10-size = 4977 3410
vfs-11 = 5c60bbb1702c3075aff281e3ba23cf27 76a06531ea86e26aa02caa3b56d4a595
vfs-11-size = 163295 91154
vfs-12 = 810806351b3d4acfbcedad9d0f912cb6 3b6756bcadead451dce6f4a6eb0dbe10
vfs-12-size = 343073 202862
vfs-13 = dcbb625b0f009e6ecbcdaedf025fd51d 8219a6f1aa9dfa6a405521b6388cfd08
vfs-13-size = 120375 71746
vfs-14 = d9d1f16f60eda39879a648f33e771dee 73a7b085efa28f36ee54b0ed6a85a980
vfs-14-size = 121540 72467
vfs-15 = 9e3259cfbf0429987ed85ec190c7bf4d f085853f12ec42ebc280c45ce5d395d4
vfs-15-size = 121497 72401
vfs-16 = 5998b0c1e237ae030a8d087077d1c5bc f134865ddd99f438c57e993f90a67605
vfs-16-size = 121542 72396
vfs-17 = 90c7ab83eb29fda2ce31e640aa9281e4 b5733927ff23a32106ca3608c6ddb34a
vfs-17-size = 410 375
vfs-18 = 48ef591f6cef135a57cef0472f40625d 2e1d3d4928c4196f89260ca7af9a94be
vfs-18-size = 189473 113062
vfs-19 = 824f6542def445a14f4f5cf3d70d5ab1 451b43c6cb7eee3342790a381e322455
vfs-19-size = 102842 61433
vfs-20 = 29e30b8fb07a965cf7eea1c8028f9867 6f0636551223743f05c601df9d8778d8
vfs-20-size = 103325 61675
vfs-21 = 70ff00a589ce2292e57f95d0a3624bb9 9001a41fe9f7a0560d8da79c13c37635
vfs-21-size = 103973 62109
vfs-22 = dbc299739a10f87c31945c1e5c31fb51 7f5f06573d31bd392023b7523353f446
vfs-22-size = 103948 62029
vfs-23 = 9f9beb9155315f08e8f99acc9ba33e1b cd6a9d1114c44561f1b17c2c44021187
vfs-23-size = 103864 62025
vfs-24 = 73b21e0b606a9699e786ba851e0caeb1 7b7049d8e60938677fe5dc918c650773
vfs-24-size = 127013 69673
vfs-25 = eac6b830d6820da9bd189e3fa4e64abc c83fdba0a6d26f513d58ae56a9a63be2
vfs-25-size = 4977 3410

