# Build Configuration

root = 315397f57d0f1d590d71a3250b5d17b9
install = 7cd0f05dc26e49f8076c73044954c415 79bab2913209025ddbd397b7e139073a
install-size = 1857554 1780802
download = cc5c59dbcccc02d15171894b6cf826f1 7a9e6dcb00c5a1e21fc0a96dce037b6f
download-size = 364272 333730
size = 6d64b2763a2d604b81b80837490f07b6 e26abd46ca75c923e40a10094d7778bf
size-size = 230644 204534
encoding = 1bd704002f61f8466267ca6a95c183da acab85cc97721f91c0586a39b2bb547e
encoding-size = 953730 953899
build-name = 10.0.0.108950.dp-hallow-finish2.c38d791ffb.Filtered
build-product = Gryphon
build-uid = gryphon
build-token = f8f0b779-d20c-3c95-c33e-1c5c5e63fd51
build-data-compatibility-hash = feccb59cc43aadbca0732d6325dc143f
build-data-content-hash = 196ce6adf4588305428484ebafa88566
build-full-version = 10.0.0.108950.dp-hallow-finish2.c38d791ffb
build-version = 10.0.0.108950
build-git-branch = dp-hallow-finish2
build-git-commit-hash = c38d791ffba1cb509a7eb2757862f1c4a8bf41c9
vfs-root = 03d78eb17eab6911b6cc6bb26b74f748 2f4ee4ec046c2d4b8cd493b352d40ff4
vfs-root-size = 139 153
vfs-1 = 03d78eb17eab6911b6cc6bb26b74f748 2f4ee4ec046c2d4b8cd493b352d40ff4
vfs-1-size = 139 153
vfs-2 = 902392c42ea221e3cb335b8c379f4c9c ae7f571199736c5613e0f0e394fa9168
vfs-2-size = 148590 80389
vfs-3 = 1cf83721f3e48c588ff84afe42c7ef1a 818c408d84a5a73cad25ce2528bbfd40
vfs-3-size = 224314 134025
vfs-4 = 310a00180ef48fde3abe13e0f196aa7c 5b4626827a461b02725c75e29b8eaeca
vfs-4-size = 118317 70460
vfs-5 = bebaae972b9aba967a727fe6d0274631 305cc9a0abab104e33ea0d366f17da10
vfs-5-size = 119564 71278
vfs-6 = a9edf10f6700e417d54ceec933fa6792 6f27ecfa1bf7d2afa2bcf04eac853f35
vfs-6-size = 120724 71988
vfs-7 = f733b5a0017e199127d65e5bd3ae6f49 9913976efa01f8935f31892ce3e5475a
vfs-7-size = 120670 71938
vfs-8 = 4caf286ffd4dba3fcdf2cd983a3463ef 8253776f160be33640b9892d93223f6c
vfs-8-size = 120728 71923
vfs-9 = 5736a5f2d7155bd90948e8485964f9a3 b190a0b20ce6c87699f60ba9d589d662
vfs-9-size = 4459 3080
vfs-10 = 02dc6d7c1200effd369acc9b575799a7 ea4a244922427bdafe44f63269d63b35
vfs-10-size = 148590 80331
vfs-11 = 3df7722cbc03dc8d1288cde4aeab92e9 4f65216edc1e292f889ceb65889224fc
vfs-11-size = 224096 133888
vfs-12 = 310a00180ef48fde3abe13e0f196aa7c 5b4626827a461b02725c75e29b8eaeca
vfs-12-size = 118317 70460
vfs-13 = bebaae972b9aba967a727fe6d0274631 305cc9a0abab104e33ea0d366f17da10
vfs-13-size = 119564 71278
vfs-14 = a9edf10f6700e417d54ceec933fa6792 6f27ecfa1bf7d2afa2bcf04eac853f35
vfs-14-size = 120724 71988
vfs-15 = f733b5a0017e199127d65e5bd3ae6f49 9913976efa01f8935f31892ce3e5475a
vfs-15-size = 120670 71938
vfs-16 = 4caf286ffd4dba3fcdf2cd983a3463ef 8253776f160be33640b9892d93223f6c
vfs-16-size = 120728 71923
vfs-17 = 5736a5f2d7155bd90948e8485964f9a3 b190a0b20ce6c87699f60ba9d589d662
vfs-17-size = 4459 3080

