# Build Configuration

root = d058fbe6be80136c97141b2486660390
install = 3f448dde9a4dd69d569d1265494035d4 de84bdf8e1825d7ca14b405df2777217
install-size = 3830341 3723180
download = cdaf6bfe1973a0b7ff2e3069c8b065b3 df8bbb1210a34f7b45fa1c172b168a23
download-size = 481597 444290
size = 642d0032744c6c6999fb88e9d4e9cc3b 7e00f402a6f2a396f3864a68c444e3fc
size-size = 303968 271383
encoding = 32870167febcceb11b049ed454879d60 3c06714c762b28b8ddb6b037e78921ea
encoding-size = 1267459 1267633
build-name = 15.1.0.119032.dp-datum-events.090633a06d.Filtered
build-product = Gryphon
build-uid = gryphon
build-token = 5ae020e4-dce9-d33e-81d5-8644a2f66ca3
build-data-compatibility-hash = 73eba7591d9bd0f515f860070082c44f
build-data-content-hash = e91dd7e64ed9fa4890ea704fd591f43b
build-full-version = 15.1.0.119032.dp-datum-events.090633a06d
build-version = 15.1.0.119032
build-git-branch = dp-datum-events
build-git-commit-hash = 090633a06da66b2cd1c4b7fd7fc92ad5c2070e65
feature-placeholder = true
vfs-root = 722ee5e4c733679d8afb73cce3839496 15f9f288ad5c5a31545c2fc8e756264b
vfs-root-size = 178 182
vfs-1 = 722ee5e4c733679d8afb73cce3839496 15f9f288ad5c5a31545c2fc8e756264b
vfs-1-size = 178 182
vfs-2 = 6dbe9ab709048a5cc497dbdd0b82b5ba 7d9ab6ecc7f987d0cea437502998a4c2
vfs-2-size = 410 379
vfs-3 = db3488aabeb8c6a362e2f5e75ffa0758 c8a11f55d3037a1d14689e41bed85fb5
vfs-3-size = 189473 113052
vfs-4 = fd137fbb5d0d97f87b93a47bba69c765 5640cde3da1b3f995e244abb3cdcb671
vfs-4-size = 102163 61036
vfs-5 = e2ec7a8bc7c77d2a7eb4c8b0e9b1fd9e d1c1b4f8200f0647d588608f1b019fb9
vfs-5-size = 102663 61300
vfs-6 = 94472cce9c157eda90541f7770cb63af c5282a2f50b02c4da308fa50fc0cc8c4
vfs-6-size = 103604 61915
vfs-7 = 28eb3fc60a428bab79790defd5fc6a06 b7231a878f1cfdbc8ff4eee935000ed7
vfs-7-size = 103591 61878
vfs-8 = 5e65fe9030473a06ad780aa2351410fc cc1c9464c5349f5d49098df326f06936
vfs-8-size = 103514 61852
vfs-9 = 82f0bb10cf6e26d2ba6990bdee17210a 84fa4157a8849062cead2b2803c679b3
vfs-9-size = 128423 70745
vfs-10 = 6d808391c9df40c99ca9f4f67a988cea 895f6db748c783ab42a6922d41a562e4
vfs-10-size = 5026 3439
vfs-11 = 92b5462ad28f53f831e86b5a30115ae1 884e008a1aadb33854b821c17a188e70
vfs-11-size = 170338 95047
vfs-12 = f66b7590693c3f087d4e77c0742be4fa 8794682eb2868fcf0a316b46c9a86907
vfs-12-size = 343412 203015
vfs-13 = 6a38c18394c2e8b7b12839e50a6f68e6 44c6fd8eace7eaa1a9d3c4922c48b006
vfs-13-size = 120711 71951
vfs-14 = c973b584f6d2c622f0f10bd7d199891c 9e10d3b19f335010b55d791fafbf36f7
vfs-14-size = 122157 72806
vfs-15 = 02e5cc19c5f09c35684003a429b0cd76 3b6f5ebb77af75ab56e620289eb14aba
vfs-15-size = 122104 72779
vfs-16 = a0673cc9406bf6d021b512032dbef6f7 55376c2aa1745260fe2f1a12bba2db83
vfs-16-size = 122153 72732
vfs-17 = eb44ee2efd69c91a99aadc701014ed94 39374869158a9c37027ee8e3a878212e
vfs-17-size = 410 375
vfs-18 = fc1b1f50c6c7cf1c98b6db65b30e10ff 018ec0927adfb1af3581cffe9c83892c
vfs-18-size = 189473 113043
vfs-19 = fd137fbb5d0d97f87b93a47bba69c765 5640cde3da1b3f995e244abb3cdcb671
vfs-19-size = 102163 61036
vfs-20 = e2ec7a8bc7c77d2a7eb4c8b0e9b1fd9e d1c1b4f8200f0647d588608f1b019fb9
vfs-20-size = 102663 61300
vfs-21 = 94472cce9c157eda90541f7770cb63af c5282a2f50b02c4da308fa50fc0cc8c4
vfs-21-size = 103604 61915
vfs-22 = 28eb3fc60a428bab79790defd5fc6a06 b7231a878f1cfdbc8ff4eee935000ed7
vfs-22-size = 103591 61878
vfs-23 = 5e65fe9030473a06ad780aa2351410fc cc1c9464c5349f5d49098df326f06936
vfs-23-size = 103514 61852
vfs-24 = a17e78e9f612781648cc101a4be66378 62255f002670ffd9c3bb6e9a5782bbf6
vfs-24-size = 131099 72230
vfs-25 = 6d808391c9df40c99ca9f4f67a988cea 895f6db748c783ab42a6922d41a562e4
vfs-25-size = 5026 3439

