# Build Configuration

root = 16180405dd65342310275eeb200f874a
install = 5888759c155942922a734c31b4fc89fe f5036a2ec30ee25b375a5926fe2077d0
install-size = 1857554 1781501
download = 5f02f8a9626c5880324ebcb0711426a4 02755f2746bebf8e7ef5480bb478bdaf
download-size = 364272 334189
size = 3266056fd0b80be18eb17c1eb3c2b3e1 06260adf73b15ae9304069efafa6d276
size-size = 230644 205005
encoding = 9b34fd5c5ac8bd4ca684392e6e6bc37d 739026b17c1ab2ef65067a3035e2152a
encoding-size = 953730 953899
build-name = 10.0.0.108425.m10.2ba877f7fe.Filtered
build-product = Gryphon
build-uid = gryphon
build-token = 5885cbeb-dd7b-4a78-2a4b-745a83540068
build-data-compatibility-hash = ed3b3889fb372024175ee7536d3c03df
build-data-content-hash = 2648eafbe3b4bd3411b6930dccca3932
build-full-version = 10.0.0.108425.m10.2ba877f7fe
build-version = 10.0.0.108425
build-git-branch = m10
build-git-commit-hash = 2ba877f7fea6de035d70a189b83d377562a516ad
vfs-root = 438e54e7f37809ed3611d9f519c4d426 7d742683af2f30a37a483fea16c6d01e
vfs-root-size = 139 150
vfs-1 = 438e54e7f37809ed3611d9f519c4d426 7d742683af2f30a37a483fea16c6d01e
vfs-1-size = 139 150
vfs-2 = faea4ae1a4842eba57e834ea4775e38b 001b6864a1730c6c242434d9c222e279
vfs-2-size = 148590 80376
vfs-3 = 1cf83721f3e48c588ff84afe42c7ef1a 818c408d84a5a73cad25ce2528bbfd40
vfs-3-size = 224314 134025
vfs-4 = 310a00180ef48fde3abe13e0f196aa7c 5b4626827a461b02725c75e29b8eaeca
vfs-4-size = 118317 70460
vfs-5 = bebaae972b9aba967a727fe6d0274631 305cc9a0abab104e33ea0d366f17da10
vfs-5-size = 119564 71278
vfs-6 = a9edf10f6700e417d54ceec933fa6792 6f27ecfa1bf7d2afa2bcf04eac853f35
vfs-6-size = 120724 71988
vfs-7 = f733b5a0017e199127d65e5bd3ae6f49 9913976efa01f8935f31892ce3e5475a
vfs-7-size = 120670 71938
vfs-8 = 4caf286ffd4dba3fcdf2cd983a3463ef 8253776f160be33640b9892d93223f6c
vfs-8-size = 120728 71923
vfs-9 = 5736a5f2d7155bd90948e8485964f9a3 b190a0b20ce6c87699f60ba9d589d662
vfs-9-size = 4459 3080
vfs-10 = 1070dec0a91c78f21eec4de4e311ad83 145a287c3dc67d07715ab7c2e4709e4e
vfs-10-size = 148590 80327
vfs-11 = 3df7722cbc03dc8d1288cde4aeab92e9 4f65216edc1e292f889ceb65889224fc
vfs-11-size = 224096 133888
vfs-12 = 310a00180ef48fde3abe13e0f196aa7c 5b4626827a461b02725c75e29b8eaeca
vfs-12-size = 118317 70460
vfs-13 = bebaae972b9aba967a727fe6d0274631 305cc9a0abab104e33ea0d366f17da10
vfs-13-size = 119564 71278
vfs-14 = a9edf10f6700e417d54ceec933fa6792 6f27ecfa1bf7d2afa2bcf04eac853f35
vfs-14-size = 120724 71988
vfs-15 = f733b5a0017e199127d65e5bd3ae6f49 9913976efa01f8935f31892ce3e5475a
vfs-15-size = 120670 71938
vfs-16 = 4caf286ffd4dba3fcdf2cd983a3463ef 8253776f160be33640b9892d93223f6c
vfs-16-size = 120728 71923
vfs-17 = 5736a5f2d7155bd90948e8485964f9a3 b190a0b20ce6c87699f60ba9d589d662
vfs-17-size = 4459 3080

