# Build Configuration

root = ae84a2993c058ef8e998517b5f381ada
install = 67c9d97a969f0568fd698fcc6c6d317a 3c432c1d31f324d9e2168f32b83dcd18
install-size = 4097150 3974325
download = 6d2ce5861531727509a334f2b348e4d1 c1a1cf1a8a42fb2afbd49ffcef6abe8a
download-size = 491024 451558
size = 29868412a05c2e344bbe37573dfef597 3525d914d18eff91469ae14ce2560db6
size-size = 310839 277653
encoding = 8651bbfb2e02b2ec1fe06e1868c861c7 14495cfe56832370f217793c31fd685a
encoding-size = 1283971 1284145
build-name = 11.1.0.112303.dp-pvp-comp1.8414d415cc.Filtered
build-product = Gryphon
build-uid = gryphon
build-token = 69cc8e48-d03a-52f2-3322-3fc66cec213b
build-data-compatibility-hash = 57aa990b6f1b942082651bf881878ca7
build-data-content-hash = b49d2ebdd6964331952edf12335bc469
build-full-version = 11.1.0.112303.dp-pvp-comp1.8414d415cc
build-version = 11.1.0.112303
build-git-branch = dp-pvp-comp1
build-git-commit-hash = 8414d415cc45763a4b6ef08901a61fccdad5aa64
vfs-root = 74a89ee04281f9f924bbf12bf4730058 0427eaeab75672dd9e3108a777221edb
vfs-root-size = 178 184
vfs-1 = 74a89ee04281f9f924bbf12bf4730058 0427eaeab75672dd9e3108a777221edb
vfs-1-size = 178 184
vfs-2 = d44a3ce9543822918cd5073b9e967ab7 01725bcd2a673e8d9d56f88f763ceb17
vfs-2-size = 410 376
vfs-3 = ff858d212368bbc9724fe946a59389b2 dbf45638b44c965f10d34ab570d2ab61
vfs-3-size = 224096 133877
vfs-4 = 310a00180ef48fde3abe13e0f196aa7c 5b4626827a461b02725c75e29b8eaeca
vfs-4-size = 118317 70460
vfs-5 = bebaae972b9aba967a727fe6d0274631 305cc9a0abab104e33ea0d366f17da10
vfs-5-size = 119564 71278
vfs-6 = a9edf10f6700e417d54ceec933fa6792 6f27ecfa1bf7d2afa2bcf04eac853f35
vfs-6-size = 120724 71988
vfs-7 = f733b5a0017e199127d65e5bd3ae6f49 9913976efa01f8935f31892ce3e5475a
vfs-7-size = 120670 71938
vfs-8 = 4caf286ffd4dba3fcdf2cd983a3463ef 8253776f160be33640b9892d93223f6c
vfs-8-size = 120728 71923
vfs-9 = bd43bb5e4cb805ff9a0d9e99c0d9a969 d12d8610a1867701f5087a3b9fe09ef0
vfs-9-size = 143521 78288
vfs-10 = 89609d0119c7ceaa621827a4254eeae2 0c18f4ee4570e8ad83c9059fbd66ffe3
vfs-10-size = 4825 3312
vfs-11 = e4ce06ca50c9164d1c7e29f88735ba2f 0c749ea69e4a27c9162d4e8e6ac918b1
vfs-11-size = 156342 87261
vfs-12 = 8ad6f6b0cbaa90e8370cd07435ee471e 7a2edd2af93bf3f44cb30ac31d02b958
vfs-12-size = 342260 202397
vfs-13 = 7bbc6d1381ea8496a8138ca16d5ad923 af18e7f9b8ff7c7aa788c3ef7630b64d
vfs-13-size = 119564 71290
vfs-14 = 708a3606025213ca59e928ab1d5253ed 0d6877879ce27ba75794ca06bb9fc91d
vfs-14-size = 120724 72000
vfs-15 = c23bb03ed8697a2ac1330c94fcdb2271 a90a6c8610122267ea1507372dee9f5a
vfs-15-size = 120670 71957
vfs-16 = ccac9edccf00f1cc0c5565f5f8a5a8fb fa34ed021cdfd28a0b8aa0d724b6124e
vfs-16-size = 120728 71931
vfs-17 = 31a9829cefdc387337eec5d6f45b1f2a 0d7c12a42593ca0ccc044652bf90eb04
vfs-17-size = 410 375
vfs-18 = 3df7722cbc03dc8d1288cde4aeab92e9 4f65216edc1e292f889ceb65889224fc
vfs-18-size = 224096 133888
vfs-19 = 310a00180ef48fde3abe13e0f196aa7c 5b4626827a461b02725c75e29b8eaeca
vfs-19-size = 118317 70460
vfs-20 = bebaae972b9aba967a727fe6d0274631 305cc9a0abab104e33ea0d366f17da10
vfs-20-size = 119564 71278
vfs-21 = a9edf10f6700e417d54ceec933fa6792 6f27ecfa1bf7d2afa2bcf04eac853f35
vfs-21-size = 120724 71988
vfs-22 = f733b5a0017e199127d65e5bd3ae6f49 9913976efa01f8935f31892ce3e5475a
vfs-22-size = 120670 71938
vfs-23 = 4caf286ffd4dba3fcdf2cd983a3463ef 8253776f160be33640b9892d93223f6c
vfs-23-size = 120728 71923
vfs-24 = 8c84a38bd720162f5e6e0ef650f3a87b 9e8d5670c1a4351437998870ddfb7b3f
vfs-24-size = 143521 78310
vfs-25 = 89609d0119c7ceaa621827a4254eeae2 0c18f4ee4570e8ad83c9059fbd66ffe3
vfs-25-size = 4825 3312

