# Build Configuration

root = d2bb5a17630587ff74b1f942cdbcdc77
install = e949288a81ab5d9bc982c0602c7dc6d1 561bdd3ce02c2a5c6e59d45343a6489f
install-size = 3846674 3737573
download = bb1914eac92bd3a8d26d0d6f4587c55e 78dcd3052651adf8a56aec06b9b6e338
download-size = 484154 446463
size = d391a2c1a918d836f34c7fe169daf190 a79ce01b198b4ba3aa0dd4b2616d04cd
size-size = 305580 272828
encoding = de4c5106a5c5a894dc076768f2f6a399 700281d1c087fcde319da2c2b86c7398
encoding-size = 1271587 1271760
build-name = 14.0.0.118504.dp-ranked-rewards.d841fc551e.Filtered
build-product = Gryphon
build-uid = gryphon
build-token = 2e3118ca-073d-d3dd-0ab7-2e12cf177333
build-data-compatibility-hash = c6293e73222d67940a434a27574085d7
build-data-content-hash = fc8c462c09a7fe56a2b596f3932a5e6e
build-full-version = 14.0.0.118504.dp-ranked-rewards.d841fc551e
build-version = 14.0.0.118504
build-git-branch = dp-ranked-rewards
build-git-commit-hash = d841fc551ec57f52070cb50e19559be9ca2e3f75
feature-placeholder = true
vfs-root = 3ac35dbfb3b74248003279bfa66310e4 8933bb3234e52dc28df0c8fd05aa6a77
vfs-root-size = 178 180
vfs-1 = 3ac35dbfb3b74248003279bfa66310e4 8933bb3234e52dc28df0c8fd05aa6a77
vfs-1-size = 178 180
vfs-2 = 6a437183c11c910c8c4621448632e433 dd446ed586a13ac40ee531c4792e5857
vfs-2-size = 410 378
vfs-3 = de24813d89f9386d002f9d5e2ecb82da f4560d96ca03020510f230ab40b4af77
vfs-3-size = 189473 113052
vfs-4 = 443e3d4084aa9c974f6a6aace0308f24 0649cbd69fe9106cc118f201d6e7483b
vfs-4-size = 103178 61606
vfs-5 = 922a786174fc22949fd44f43f80d4c9e 65b1a74f35ad1451dd7c4d1b4ccf66bf
vfs-5-size = 103661 61858
vfs-6 = 81e1a9fe8b164a1a014f2dbf3045111d 1da09d92d40da5f5dba0676ecaffb91b
vfs-6-size = 104309 62342
vfs-7 = 20047dbf6ec1bb482b8b45c7a7ced813 4d0d9aaca3acb8be420f39f490245b95
vfs-7-size = 104284 62216
vfs-8 = 7e9cad8d1f52de36d8226a0d26ef368b 773670c4ed4376114385b44f40d2213c
vfs-8-size = 104200 62226
vfs-9 = 70ededa911b7f533980c9bbc51835253 4c63028d8d9478d6ad84babd08393edf
vfs-9-size = 134127 73318
vfs-10 = 6d808391c9df40c99ca9f4f67a988cea 895f6db748c783ab42a6922d41a562e4
vfs-10-size = 5026 3439
vfs-11 = 139972834561978409f9afece4755962 a478517ee5eb3c6281219442b4b848ab
vfs-11-size = 168789 94076
vfs-12 = 1ea32018ba205f130297d12614817d3b dca512b1411885cadcc43089f2737d45
vfs-12-size = 343412 203019
vfs-13 = 6a38c18394c2e8b7b12839e50a6f68e6 44c6fd8eace7eaa1a9d3c4922c48b006
vfs-13-size = 120711 71951
vfs-14 = f0995293d9d6541b060a58ecad343a62 b8f7b521735fe5054bcf2b8742d8d2e9
vfs-14-size = 121876 72670
vfs-15 = edebda499db7e1198b561134efefd0a3 09c9489d2dfda260306d09290beea51a
vfs-15-size = 121821 72589
vfs-16 = fbc29ad86e90d1b341b6cf4419bab4ec eded7ba6c006a8907e814dc5afcc6b57
vfs-16-size = 121878 72587
vfs-17 = f005b8658d3cb476c7c0bf4a88f97822 49ecca033a2c8052365e9954c7d76673
vfs-17-size = 410 378
vfs-18 = 51f43f3fd1c6634ac96f54fdadd12cc4 d3763a0b7a0b62db4465b09af2b17f1c
vfs-18-size = 189473 113045
vfs-19 = 443e3d4084aa9c974f6a6aace0308f24 0649cbd69fe9106cc118f201d6e7483b
vfs-19-size = 103178 61606
vfs-20 = 922a786174fc22949fd44f43f80d4c9e 65b1a74f35ad1451dd7c4d1b4ccf66bf
vfs-20-size = 103661 61858
vfs-21 = 81e1a9fe8b164a1a014f2dbf3045111d 1da09d92d40da5f5dba0676ecaffb91b
vfs-21-size = 104309 62342
vfs-22 = 20047dbf6ec1bb482b8b45c7a7ced813 4d0d9aaca3acb8be420f39f490245b95
vfs-22-size = 104284 62216
vfs-23 = 7e9cad8d1f52de36d8226a0d26ef368b 773670c4ed4376114385b44f40d2213c
vfs-23-size = 104200 62226
vfs-24 = 774d19a366340922d84e7461047e3c39 fcd6ed68e2dd2e5110d0e3449f48c464
vfs-24-size = 134196 73408
vfs-25 = 6d808391c9df40c99ca9f4f67a988cea 895f6db748c783ab42a6922d41a562e4
vfs-25-size = 5026 3439

