# Build Configuration

root = 4e909bcaea9baa1a1c92e936407320a6
install = 8275f5a884cbe62823f43dcf3ae01701 c2d858b08455f9c352866687fbeeaa54
install-size = 1827684 1752165
download = a640595be9686329a3b173f2066f4670 5f4ed908c2f20a751750bb3688cf9d06
download-size = 358326 328880
size = 8acccce4e334e8b0c1c02407bd4470d6 be18baa4b242dfc1f4d230463621ce67
size-size = 226885 201913
encoding = 01fb5e07b140b402ea362b7b804dc69a 2551fa337be09f407dadbb9a91d5bdee
encoding-size = 937218 937388
build-name = 8.5.0.106130.dp-batlings.4be10b3664.Filtered
build-product = Gryphon
build-uid = gryphon
build-token = 68fc357e-ca02-b0bf-c02f-6525de673eff
build-data-compatibility-hash = e8d91ebdef14aca6c5a464417ac92a9a
build-data-content-hash = 1fd44938894f9f5ab552bda3c772d0c3
build-full-version = 8.5.0.106130.dp-batlings.4be10b3664
build-version = 8.5.0.106130
build-git-branch = dp-batlings
build-git-commit-hash = 4be10b3664569e6783b3e2406363307964a37f73
vfs-root = 761dea2a60939deb33fe28768fd9c699 c55b31a0a9f063b4258ae81a5d284cee
vfs-root-size = 139 152
vfs-1 = 761dea2a60939deb33fe28768fd9c699 c55b31a0a9f063b4258ae81a5d284cee
vfs-1-size = 139 152
vfs-2 = c3a9535b69f377ed532ade8d4a8be485 e7164bb7ba0e3556e82845c961172fa5
vfs-2-size = 145904 78930
vfs-3 = 1048138f94e905b1f846f306fa8569e7 28aa30f8983c27158991ec3b1e064ca4
vfs-3-size = 224175 133888
vfs-4 = 623934988c84680014354823fa8b6e9e ca36d657d7476721b9c7c08827f5ee74
vfs-4-size = 116551 69459
vfs-5 = ef3432d559a5ad5037803ef52f8fb509 6348b43a04aeb2319565a7b988951826
vfs-5-size = 117806 70249
vfs-6 = 2e3f5c124f389775f6e459aba14b45d8 dce7d10a49e36be97ca7c10807893ce4
vfs-6-size = 117802 70316
vfs-7 = 826b036c87b3634d7624547ada9ed40f 338befca2fd62898b6825842d9e5a11a
vfs-7-size = 117776 70322
vfs-8 = 2e726a07d2e458f09c625908ae8f5191 f9e0608b4bcff4134fb883d791dfc8aa
vfs-8-size = 117830 70257
vfs-9 = f5f797e895ee4f9e8159c22d80c31566 6d8428794ef0723f60796d76ba513979
vfs-9-size = 4311 3019
vfs-10 = 6552dfa3e89ab7f41df3d387d5338202 9aff430d783c0ab8a936992cb981f4eb
vfs-10-size = 145904 78887
vfs-11 = 21d2eebf04e69c56da2b1dc47a3f44c0 307e093a156f45baa309c4f8a8290d1b
vfs-11-size = 223957 133737
vfs-12 = 623934988c84680014354823fa8b6e9e ca36d657d7476721b9c7c08827f5ee74
vfs-12-size = 116551 69459
vfs-13 = ef3432d559a5ad5037803ef52f8fb509 6348b43a04aeb2319565a7b988951826
vfs-13-size = 117806 70249
vfs-14 = 2e3f5c124f389775f6e459aba14b45d8 dce7d10a49e36be97ca7c10807893ce4
vfs-14-size = 117802 70316
vfs-15 = 826b036c87b3634d7624547ada9ed40f 338befca2fd62898b6825842d9e5a11a
vfs-15-size = 117776 70322
vfs-16 = 2e726a07d2e458f09c625908ae8f5191 f9e0608b4bcff4134fb883d791dfc8aa
vfs-16-size = 117830 70257
vfs-17 = f5f797e895ee4f9e8159c22d80c31566 6d8428794ef0723f60796d76ba513979
vfs-17-size = 4311 3019

