# Build Configuration

root = d2bb5a17630587ff74b1f942cdbcdc77
install = 56e0e27135101e55e261810206acec56 77ca62b2aa99d87e96b2a7597042747f
install-size = 3846674 3737573
download = 7fdf53b79a59beced881b18696f66c10 a29a42613c931bce4636e11710a1b0d3
download-size = 484154 446463
size = 5848fb34c870568ce268b28f4f6030e5 887f6d949d0cd3bbf2d4da2544d2d6fe
size-size = 305580 272821
encoding = 63e76f687b6531b3145b85cca4feb56c 73d4d3cc6eb9a50c8ab65fd06c6aa7d9
encoding-size = 1271587 1271760
build-name = 14.0.0.118356.m14.2.850265fcb0.Filtered
build-product = Gryphon
build-uid = gryphon
build-token = 2f8bf170-80f8-bd13-e5fb-abb085bae93d
build-data-compatibility-hash = 4acbbe3dfb8d99941cc995f3d755fe1c
build-data-content-hash = afb5ce9a4b9783f43a8e1dc330635e2b
build-full-version = 14.0.0.118356.m14.2.850265fcb0
build-version = 14.0.0.118356
build-git-branch = m14.2
build-git-commit-hash = 850265fcb0b083614ec289053d5b469df93dee54
vfs-root = b68e4261622a67762844699a9bab311f 197d884e555287de2000d3a58dd445c0
vfs-root-size = 178 184
vfs-1 = b68e4261622a67762844699a9bab311f 197d884e555287de2000d3a58dd445c0
vfs-1-size = 178 184
vfs-2 = 38f1213c7da69b2a3e3c260d8b679f81 11c4278cb66896b96f5fb3e2b0e4d5b4
vfs-2-size = 410 378
vfs-3 = de24813d89f9386d002f9d5e2ecb82da f4560d96ca03020510f230ab40b4af77
vfs-3-size = 189473 113052
vfs-4 = 443e3d4084aa9c974f6a6aace0308f24 0649cbd69fe9106cc118f201d6e7483b
vfs-4-size = 103178 61606
vfs-5 = 922a786174fc22949fd44f43f80d4c9e 65b1a74f35ad1451dd7c4d1b4ccf66bf
vfs-5-size = 103661 61858
vfs-6 = 81e1a9fe8b164a1a014f2dbf3045111d 1da09d92d40da5f5dba0676ecaffb91b
vfs-6-size = 104309 62342
vfs-7 = 20047dbf6ec1bb482b8b45c7a7ced813 4d0d9aaca3acb8be420f39f490245b95
vfs-7-size = 104284 62216
vfs-8 = 7e9cad8d1f52de36d8226a0d26ef368b 773670c4ed4376114385b44f40d2213c
vfs-8-size = 104200 62226
vfs-9 = 52ef92b0bbd05b038a910278036c6649 d92caa8262ea66f9af2589076b8839de
vfs-9-size = 134078 73284
vfs-10 = 6d808391c9df40c99ca9f4f67a988cea 895f6db748c783ab42a6922d41a562e4
vfs-10-size = 5026 3439
vfs-11 = 94a5ac6dc04bebffd481f1a276d43d37 b1d11ca8e479d6d2ed35bab245520252
vfs-11-size = 168789 94081
vfs-12 = 1ea32018ba205f130297d12614817d3b dca512b1411885cadcc43089f2737d45
vfs-12-size = 343412 203019
vfs-13 = 6a38c18394c2e8b7b12839e50a6f68e6 44c6fd8eace7eaa1a9d3c4922c48b006
vfs-13-size = 120711 71951
vfs-14 = f0995293d9d6541b060a58ecad343a62 b8f7b521735fe5054bcf2b8742d8d2e9
vfs-14-size = 121876 72670
vfs-15 = edebda499db7e1198b561134efefd0a3 09c9489d2dfda260306d09290beea51a
vfs-15-size = 121821 72589
vfs-16 = fbc29ad86e90d1b341b6cf4419bab4ec eded7ba6c006a8907e814dc5afcc6b57
vfs-16-size = 121878 72587
vfs-17 = e59f8e0761e0ec123de5507dae2a9818 57d340b80c9311fefe62a1ff072f8191
vfs-17-size = 410 375
vfs-18 = 51f43f3fd1c6634ac96f54fdadd12cc4 d3763a0b7a0b62db4465b09af2b17f1c
vfs-18-size = 189473 113045
vfs-19 = 443e3d4084aa9c974f6a6aace0308f24 0649cbd69fe9106cc118f201d6e7483b
vfs-19-size = 103178 61606
vfs-20 = 922a786174fc22949fd44f43f80d4c9e 65b1a74f35ad1451dd7c4d1b4ccf66bf
vfs-20-size = 103661 61858
vfs-21 = 81e1a9fe8b164a1a014f2dbf3045111d 1da09d92d40da5f5dba0676ecaffb91b
vfs-21-size = 104309 62342
vfs-22 = 20047dbf6ec1bb482b8b45c7a7ced813 4d0d9aaca3acb8be420f39f490245b95
vfs-22-size = 104284 62216
vfs-23 = 7e9cad8d1f52de36d8226a0d26ef368b 773670c4ed4376114385b44f40d2213c
vfs-23-size = 104200 62226
vfs-24 = 27a20c4a6b76880150256c97bdb6d5dd 1f9ff1657b810d3cefb6994df510d514
vfs-24-size = 134245 73437
vfs-25 = 6d808391c9df40c99ca9f4f67a988cea 895f6db748c783ab42a6922d41a562e4
vfs-25-size = 5026 3439

