# Build Configuration

root = 240cbd44670c3ce5e890ca221df1a998
install = 858aca314b66e1d5960f19a838153075 81c3e209e7450f51319cf1cc7095d595
install-size = 4106529 3983456
download = c772904647e3cb1f4807c84ed87b5ab6 933eedcb66ca13025b99e6aec9cd4d62
download-size = 492244 452655
size = e03c7925daf7c37c0b557939996574a7 f1f35aa9d541fda51bad28da8cd08737
size-size = 311609 278263
encoding = a5bda3213d6b6680be937fb07e1a0494 2c43edfddfff613f840854c6c1996550
encoding-size = 1288099 1288273
build-name = 11.1.0.113749.dp-mids12patch.034de750d5.Filtered
build-product = Gryphon
build-uid = gryphon
build-token = d6d1c341-2756-3dc5-737d-d28830f3eb0f
build-data-compatibility-hash = cab5d559e2fa636e72a59e986597e0b1
build-data-content-hash = 5910c2b8e3be8d69c37cc601fdb6da61
build-full-version = 11.1.0.113749.dp-mids12patch.034de750d5
build-version = 11.1.0.113749
build-git-branch = dp-mids12patch
build-git-commit-hash = 034de750d5ca2f38ae871cd9eadf2757790b236d
vfs-root = 9385a8dfae498a9e9768168a3a256021 562df8c0fdc7ac8fcde823b0f8f3c8ca
vfs-root-size = 178 184
vfs-1 = 9385a8dfae498a9e9768168a3a256021 562df8c0fdc7ac8fcde823b0f8f3c8ca
vfs-1-size = 178 184
vfs-2 = 698d731f8431a2d8a101d00f96de6bde 6a3082f3bfd3e33dba0841d72382647a
vfs-2-size = 410 375
vfs-3 = c66ade39d52200535c09d9285c74bddb 44a9ba4023044d50c3107ff85216a4bc
vfs-3-size = 224096 133892
vfs-4 = 0bbb8eba49ded4c4f8f9579f7f200ab8 7826134752d97ae9f3bf315a9d4b2425
vfs-4-size = 118658 70640
vfs-5 = 8716838b3a0314508f280f358d5b4447 ffc673b9c4c27becd967169713b7a575
vfs-5-size = 119900 71478
vfs-6 = 9454e7313b9035a3eafd6f8c8554d669 517fc2b81b5fe327a0e49964f3e35e55
vfs-6-size = 121066 72183
vfs-7 = 51cf3d6b1d38ab12054feebfa703da0e ccef2fbb25de47b1985f36546194dcff
vfs-7-size = 121012 72156
vfs-8 = d9afc6203475b15ffc22f662e3a068b6 117b069866e890689dfbdf3d5922af24
vfs-8-size = 121073 72122
vfs-9 = 5c1c8cdd927dc2f0145351429c5bdbcb 1562b26bbbbb582eab91753a5e41bb8c
vfs-9-size = 143877 78481
vfs-10 = 1878076287882c99bda32a209cf77fc8 faec85ec2b2e540c4306c45252f7f8fb
vfs-10-size = 4876 3346
vfs-11 = 828b75a8d48249e82400d80bd0a4abf5 bf39ee84353d38b6c7668e28c701d075
vfs-11-size = 156749 87458
vfs-12 = f9b63c1ca7817ccbb88457a553a03624 8cef5f08a221fa31a448b586ad7c91b6
vfs-12-size = 342602 202598
vfs-13 = 14120e27df6239661336e7f747e8724a 6a205ce3aff4695249a3840d306a25a0
vfs-13-size = 119900 71478
vfs-14 = 4815247d2bb6565446ba62a0919e33ea 59c6891bb2409f457cef583d02820a24
vfs-14-size = 121066 72171
vfs-15 = 53ca98fe0b1baced79dcf8158fed6ce4 1eef3943ded1e209f7469f6d9e22b134
vfs-15-size = 121012 72146
vfs-16 = 6fecae2cf5dd128dd8404613b7b12911 211d27635231e9b0366212b8fa71ef8f
vfs-16-size = 121073 72136
vfs-17 = 4d47f2deb1a9462b4045bf270fcada2d 4200dd69bb2e1c10d72a178f62f56584
vfs-17-size = 410 378
vfs-18 = 79e0b17227627c0a2c7094cf25178aaa 97e4fb25965e9a9505253a5839323643
vfs-18-size = 224096 133865
vfs-19 = 0bbb8eba49ded4c4f8f9579f7f200ab8 7826134752d97ae9f3bf315a9d4b2425
vfs-19-size = 118658 70640
vfs-20 = 8716838b3a0314508f280f358d5b4447 ffc673b9c4c27becd967169713b7a575
vfs-20-size = 119900 71478
vfs-21 = 9454e7313b9035a3eafd6f8c8554d669 517fc2b81b5fe327a0e49964f3e35e55
vfs-21-size = 121066 72183
vfs-22 = 51cf3d6b1d38ab12054feebfa703da0e ccef2fbb25de47b1985f36546194dcff
vfs-22-size = 121012 72156
vfs-23 = d9afc6203475b15ffc22f662e3a068b6 117b069866e890689dfbdf3d5922af24
vfs-23-size = 121073 72122
vfs-24 = 38517941665d9b87a1e6f5694b7d3bda 3d6eb26d89baebc7c3f895976755e832
vfs-24-size = 143877 78532
vfs-25 = 1878076287882c99bda32a209cf77fc8 faec85ec2b2e540c4306c45252f7f8fb
vfs-25-size = 4876 3346

