# Build Configuration

root = 0f09c930ab64849cadc7ddee6e7643f3
install = 27721116a90381bcbe50e637607f8c99 9f23fabd8a39f7e8a142cf9e33d47a91
install-size = 3847255 3738114
download = 75f7ba66e11c8e579668b14a0efcc1cd 31cf76a34b305258f1b6d883d836645a
download-size = 484327 446612
size = 1820094011658c0bd04dd8b14985b86a 20d47c8bed23c3b47eaf142a125ac1bd
size-size = 305690 272943
encoding = 393bd2f28a973ac63bedc2b13d45e4ee e4f7fceb0f8a423d519371c683428649
encoding-size = 1271587 1271761
build-name = 14.0.0.117519.dp-evergreen.a0eaecd45a.Filtered
build-product = Gryphon
build-uid = gryphon
build-token = aebed5a2-2b73-265e-89c2-9c80e3253c9d
build-data-compatibility-hash = 1883c84de5bfb6ad4f06160a2a92c75a
build-data-content-hash = d218f387b1c06f5d3be793fa8a6bb27f
build-full-version = 14.0.0.117519.dp-evergreen.a0eaecd45a
build-version = 14.0.0.117519
build-git-branch = dp-evergreen
build-git-commit-hash = a0eaecd45ab07888bc926a410e1a51fe55acb128
vfs-root = 293010017ad6efecf4a05571be362969 743a1e139d09de5a1b526909ddb7d5f6
vfs-root-size = 178 183
vfs-1 = 293010017ad6efecf4a05571be362969 743a1e139d09de5a1b526909ddb7d5f6
vfs-1-size = 178 183
vfs-2 = 8f90a71ba08cfe37bf6837fe6fcfe2e5 dbe7ac7b242b3b0e5d96f4ca42b23ae1
vfs-2-size = 410 375
vfs-3 = de24813d89f9386d002f9d5e2ecb82da f4560d96ca03020510f230ab40b4af77
vfs-3-size = 189473 113052
vfs-4 = 443e3d4084aa9c974f6a6aace0308f24 0649cbd69fe9106cc118f201d6e7483b
vfs-4-size = 103178 61606
vfs-5 = 922a786174fc22949fd44f43f80d4c9e 65b1a74f35ad1451dd7c4d1b4ccf66bf
vfs-5-size = 103661 61858
vfs-6 = 81e1a9fe8b164a1a014f2dbf3045111d 1da09d92d40da5f5dba0676ecaffb91b
vfs-6-size = 104309 62342
vfs-7 = 20047dbf6ec1bb482b8b45c7a7ced813 4d0d9aaca3acb8be420f39f490245b95
vfs-7-size = 104284 62216
vfs-8 = 7e9cad8d1f52de36d8226a0d26ef368b 773670c4ed4376114385b44f40d2213c
vfs-8-size = 104200 62226
vfs-9 = 8e80fc650630c41ce60611cd555443d0 22b701b328483a2d092a402880ffe80d
vfs-9-size = 134313 73388
vfs-10 = 6d808391c9df40c99ca9f4f67a988cea 895f6db748c783ab42a6922d41a562e4
vfs-10-size = 5026 3439
vfs-11 = ae4d3ada2c39fcd48115d0881c9d0870 39b6e0ff33c57ae10e862f7d41137f9c
vfs-11-size = 168789 94045
vfs-12 = 1ea32018ba205f130297d12614817d3b dca512b1411885cadcc43089f2737d45
vfs-12-size = 343412 203019
vfs-13 = 6a38c18394c2e8b7b12839e50a6f68e6 44c6fd8eace7eaa1a9d3c4922c48b006
vfs-13-size = 120711 71951
vfs-14 = f0995293d9d6541b060a58ecad343a62 b8f7b521735fe5054bcf2b8742d8d2e9
vfs-14-size = 121876 72670
vfs-15 = edebda499db7e1198b561134efefd0a3 09c9489d2dfda260306d09290beea51a
vfs-15-size = 121821 72589
vfs-16 = fbc29ad86e90d1b341b6cf4419bab4ec eded7ba6c006a8907e814dc5afcc6b57
vfs-16-size = 121878 72587
vfs-17 = bad6db79ef9989564029e6b7527aee0f 23e40d67283c2f4b2294d7bd3af6c463
vfs-17-size = 410 377
vfs-18 = 51f43f3fd1c6634ac96f54fdadd12cc4 d3763a0b7a0b62db4465b09af2b17f1c
vfs-18-size = 189473 113045
vfs-19 = 443e3d4084aa9c974f6a6aace0308f24 0649cbd69fe9106cc118f201d6e7483b
vfs-19-size = 103178 61606
vfs-20 = 922a786174fc22949fd44f43f80d4c9e 65b1a74f35ad1451dd7c4d1b4ccf66bf
vfs-20-size = 103661 61858
vfs-21 = 81e1a9fe8b164a1a014f2dbf3045111d 1da09d92d40da5f5dba0676ecaffb91b
vfs-21-size = 104309 62342
vfs-22 = 20047dbf6ec1bb482b8b45c7a7ced813 4d0d9aaca3acb8be420f39f490245b95
vfs-22-size = 104284 62216
vfs-23 = 7e9cad8d1f52de36d8226a0d26ef368b 773670c4ed4376114385b44f40d2213c
vfs-23-size = 104200 62226
vfs-24 = 9f3194899e671aa3d7785ae22763fe9a a71121605be784845944b75ab6be161c
vfs-24-size = 134431 73487
vfs-25 = 6d808391c9df40c99ca9f4f67a988cea 895f6db748c783ab42a6922d41a562e4
vfs-25-size = 5026 3439

