# Build Configuration

root = 315397f57d0f1d590d71a3250b5d17b9
install = dbf81f673fb9bacb09342a80b8326204 c4198e3c79fdec386628915031a3f5ea
install-size = 1857554 1780796
download = 981d4d3b9fc98ced129ce2a4afb67e30 5af296ea95c41581f6c4fce91d514fb5
download-size = 364272 333583
size = 832b06ccefde798cb6797b04943cb059 0008b537ba693f347ab65ed48616e412
size-size = 230644 204307
encoding = 07a2599a4c41ed6e7d4bed0401d91fca e05e8d03adaba9b735487991b02ed88d
encoding-size = 953730 953899
build-name = 10.0.0.108725.cp-10.2.fef9082c34.Filtered
build-product = Gryphon
build-uid = gryphon
build-token = 3cfe6b39-1ecb-ba84-d273-229ffca9038b
build-data-compatibility-hash = 0a72fdf9a1a2158fb62c03e6eb5699a6
build-data-content-hash = fcc5c6171b7dad360e060ea68292055d
build-full-version = 10.0.0.108725.cp-10.2.fef9082c34
build-version = 10.0.0.108725
build-git-branch = cp-10.2
build-git-commit-hash = fef9082c34b29d15b78d1b5b858880b6a3f484c0
vfs-root = 2f1973959b0d9fd056f0c85e1c37d7c3 9bdd4a1a5dab7d3fae1c06e0ea7c082a
vfs-root-size = 139 152
vfs-1 = 2f1973959b0d9fd056f0c85e1c37d7c3 9bdd4a1a5dab7d3fae1c06e0ea7c082a
vfs-1-size = 139 152
vfs-2 = 66584344e93b9ad2b6c0dc91d71c484b e20e1ada558cf108e98173245c5492ec
vfs-2-size = 148590 80356
vfs-3 = 1cf83721f3e48c588ff84afe42c7ef1a 818c408d84a5a73cad25ce2528bbfd40
vfs-3-size = 224314 134025
vfs-4 = 310a00180ef48fde3abe13e0f196aa7c 5b4626827a461b02725c75e29b8eaeca
vfs-4-size = 118317 70460
vfs-5 = bebaae972b9aba967a727fe6d0274631 305cc9a0abab104e33ea0d366f17da10
vfs-5-size = 119564 71278
vfs-6 = a9edf10f6700e417d54ceec933fa6792 6f27ecfa1bf7d2afa2bcf04eac853f35
vfs-6-size = 120724 71988
vfs-7 = f733b5a0017e199127d65e5bd3ae6f49 9913976efa01f8935f31892ce3e5475a
vfs-7-size = 120670 71938
vfs-8 = 4caf286ffd4dba3fcdf2cd983a3463ef 8253776f160be33640b9892d93223f6c
vfs-8-size = 120728 71923
vfs-9 = 5736a5f2d7155bd90948e8485964f9a3 b190a0b20ce6c87699f60ba9d589d662
vfs-9-size = 4459 3080
vfs-10 = 2224bb28f4fac36efd45a2e049be3bac 81086a78010e5a9db1419d028e81b600
vfs-10-size = 148590 80319
vfs-11 = 3df7722cbc03dc8d1288cde4aeab92e9 4f65216edc1e292f889ceb65889224fc
vfs-11-size = 224096 133888
vfs-12 = 310a00180ef48fde3abe13e0f196aa7c 5b4626827a461b02725c75e29b8eaeca
vfs-12-size = 118317 70460
vfs-13 = bebaae972b9aba967a727fe6d0274631 305cc9a0abab104e33ea0d366f17da10
vfs-13-size = 119564 71278
vfs-14 = a9edf10f6700e417d54ceec933fa6792 6f27ecfa1bf7d2afa2bcf04eac853f35
vfs-14-size = 120724 71988
vfs-15 = f733b5a0017e199127d65e5bd3ae6f49 9913976efa01f8935f31892ce3e5475a
vfs-15-size = 120670 71938
vfs-16 = 4caf286ffd4dba3fcdf2cd983a3463ef 8253776f160be33640b9892d93223f6c
vfs-16-size = 120728 71923
vfs-17 = 5736a5f2d7155bd90948e8485964f9a3 b190a0b20ce6c87699f60ba9d589d662
vfs-17-size = 4459 3080

