# Build Configuration

root = 4dd21bff2351ada59c0c25e3cfd99384
install = 968d069239f4b15f99c60f100860af7e a280f9c73ea731b2fe5d8076fb99f543
install-size = 3787755 3680348
download = 85cc750489543dc7230ca0bcc992ed29 13beb0f7dda1e75b1f67ef819ba9b2ab
download-size = 469551 433067
size = 7ac93c810b83793b7c365a908be6e805 d36e08a9f7ff565a0c3c3a38e14840ee
size-size = 296368 264450
encoding = 1f4b3fb4afdc4b8f3351808753a6f89e 83445db04507d9e14b42ce79ec1a58ea
encoding-size = 1238563 1238737
build-name = 12.0.0.115015.dp-tuning-2025-1.ce60f26e02.Filtered
build-product = Gryphon
build-uid = gryphon
build-token = 97fa8fcd-91cb-c880-4cac-1697153cf237
build-data-compatibility-hash = 491ce14d5c6f81b406226c88e1608fdd
build-data-content-hash = e147e0cebeab2ee3e7f0cdf354192efc
build-full-version = 12.0.0.115015.dp-tuning-2025-1.ce60f26e02
build-version = 12.0.0.115015
build-git-branch = dp-tuning-2025-1
build-git-commit-hash = ce60f26e022bfbabb4b892a412f0836d17daa979
vfs-root = 2187187370e9b2034d56c7222deebc1c 6a5841edde4be24948b2f4ed75e6f2f6
vfs-root-size = 178 181
vfs-1 = 2187187370e9b2034d56c7222deebc1c 6a5841edde4be24948b2f4ed75e6f2f6
vfs-1-size = 178 181
vfs-2 = 981c7f8026d4a8342b3e5a960fbb000c 5c46ff3cdb35d60425efd2d8cdf16c08
vfs-2-size = 410 378
vfs-3 = 2ad184ed6d6347777406fee1014ebb3d 615367692e41f093877cd3d233fbdcee
vfs-3-size = 189473 113051
vfs-4 = 789794977067354de04f51d286972ece c127efb6d505ef4b5486dc7710142bbc
vfs-4-size = 102365 61089
vfs-5 = 4958f4767b12853a150c5726ae6ac1fe c37f26193d3202cbe26d1626d556741f
vfs-5-size = 102848 61376
vfs-6 = 4fcfce444a52e2ed92e17a7ec5158db1 d4bb4cfa93843b0902b948c426e5deb3
vfs-6-size = 103499 61815
vfs-7 = 1f76a839b03a28104a4ee6107f0a6769 376f65380cfe91850e39435a945a7193
vfs-7-size = 103451 61733
vfs-8 = f13f701bb806765da7185b1eb0d690bf 3f9c91aba6f910aea1c9f40d7ec98de8
vfs-8-size = 103395 61765
vfs-9 = 474042b53ac5d05b2ec782bf543b0f04 5c67a93635fd14a032e960fb4b5cc29a
vfs-9-size = 123692 67955
vfs-10 = 9e14c9c11b5b9d5c4275118249999315 7f21a73a9f27778856b110b222bd2128
vfs-10-size = 4928 3373
vfs-11 = 3968d8ef4b5782f90de85f16abfb6e7f 5116f0bd44a93ca0053e61062a05ae26
vfs-11-size = 160061 89394
vfs-12 = dccba01a6277ea1b39b0c165d02039e8 4d128578016849d9a0715726874cc00d
vfs-12-size = 342602 202577
vfs-13 = 14120e27df6239661336e7f747e8724a 6a205ce3aff4695249a3840d306a25a0
vfs-13-size = 119900 71478
vfs-14 = 4815247d2bb6565446ba62a0919e33ea 59c6891bb2409f457cef583d02820a24
vfs-14-size = 121066 72171
vfs-15 = 53ca98fe0b1baced79dcf8158fed6ce4 1eef3943ded1e209f7469f6d9e22b134
vfs-15-size = 121012 72146
vfs-16 = 6fecae2cf5dd128dd8404613b7b12911 211d27635231e9b0366212b8fa71ef8f
vfs-16-size = 121073 72136
vfs-17 = de3d7e4e160ccdd1e09c04f45e8307ab 4478535982aabcc7a2e9c8ab6e81d332
vfs-17-size = 410 378
vfs-18 = 9c58f17b77525cb992b2078287a091c9 591352a1aa5cdead6a69f3afdcb820eb
vfs-18-size = 189473 113060
vfs-19 = 789794977067354de04f51d286972ece c127efb6d505ef4b5486dc7710142bbc
vfs-19-size = 102365 61089
vfs-20 = 4958f4767b12853a150c5726ae6ac1fe c37f26193d3202cbe26d1626d556741f
vfs-20-size = 102848 61376
vfs-21 = 4fcfce444a52e2ed92e17a7ec5158db1 d4bb4cfa93843b0902b948c426e5deb3
vfs-21-size = 103499 61815
vfs-22 = 1f76a839b03a28104a4ee6107f0a6769 376f65380cfe91850e39435a945a7193
vfs-22-size = 103451 61733
vfs-23 = f13f701bb806765da7185b1eb0d690bf 3f9c91aba6f910aea1c9f40d7ec98de8
vfs-23-size = 103395 61765
vfs-24 = a03758cb8c3c96f6043b9e01bfe7beb6 b9f76743ea0d2ebd8cca394885607b89
vfs-24-size = 123692 67990
vfs-25 = 9e14c9c11b5b9d5c4275118249999315 7f21a73a9f27778856b110b222bd2128
vfs-25-size = 4928 3373

