# Build Configuration

root = dfd9a88f7b8f1d14939d9f4c4dea5143
install = 7e2a438cc3bc10b0b1c54fc1e51e1e13 c87638b27acb1094e259fc2e9fc1885f
install-size = 1857920 1781147
download = 91972022b3f49595253a6253bc800d47 5e9ad1db054a279e79bbd32cdd719590
download-size = 359458 329948
size = 3c7a6e528005a849273c59405e1b3331 924cf4b3fb9cec47d041aacb454dfbb9
size-size = 227603 203471
encoding = 71faff769f3657e4a41a64790857acf1 de05363954d8122e838e3e8bb1927ddc
encoding-size = 941346 941515
build-name = 10.0.0.110573.dp-winter.d876cd60a5.Filtered
build-product = Gryphon
build-uid = gryphon
build-token = 07b935a9-80a3-f9cf-ef9e-68407bcbaa85
build-data-compatibility-hash = bf200be7f9c35880b18c2cc8122c04d3
build-data-content-hash = 6003713e4b83eb75dd4d157ccedf5a0c
build-full-version = 10.0.0.110573.dp-winter.d876cd60a5
build-version = 10.0.0.110573
build-git-branch = dp-winter
build-git-commit-hash = d876cd60a54ad8ebec110ed82f797d05ac6cb809
vfs-root = 918e2bffe80c56318d9a6b74ef65fe5e 8f7e8aa7b48b36c562ba7f641dda25de
vfs-root-size = 139 153
vfs-1 = 918e2bffe80c56318d9a6b74ef65fe5e 8f7e8aa7b48b36c562ba7f641dda25de
vfs-1-size = 139 153
vfs-2 = f80d21f49cffd070d85e1f961fcce412 dd35b34d6fa36bdadc9c1dc6594a4e43
vfs-2-size = 142631 77602
vfs-3 = 1cf83721f3e48c588ff84afe42c7ef1a 818c408d84a5a73cad25ce2528bbfd40
vfs-3-size = 224314 134025
vfs-4 = 310a00180ef48fde3abe13e0f196aa7c 5b4626827a461b02725c75e29b8eaeca
vfs-4-size = 118317 70460
vfs-5 = bebaae972b9aba967a727fe6d0274631 305cc9a0abab104e33ea0d366f17da10
vfs-5-size = 119564 71278
vfs-6 = a9edf10f6700e417d54ceec933fa6792 6f27ecfa1bf7d2afa2bcf04eac853f35
vfs-6-size = 120724 71988
vfs-7 = f733b5a0017e199127d65e5bd3ae6f49 9913976efa01f8935f31892ce3e5475a
vfs-7-size = 120670 71938
vfs-8 = 4caf286ffd4dba3fcdf2cd983a3463ef 8253776f160be33640b9892d93223f6c
vfs-8-size = 120728 71923
vfs-9 = b290b9a60debe154f48c4afeef136f4c 97a9a91f4dad2c526e6199a35516d8c4
vfs-9-size = 4601 3173
vfs-10 = 7c19d39bd30a85549072e328f9492974 f9cbc47cdf9901cf6ac9b8903a92816c
vfs-10-size = 142631 77604
vfs-11 = 3df7722cbc03dc8d1288cde4aeab92e9 4f65216edc1e292f889ceb65889224fc
vfs-11-size = 224096 133888
vfs-12 = 310a00180ef48fde3abe13e0f196aa7c 5b4626827a461b02725c75e29b8eaeca
vfs-12-size = 118317 70460
vfs-13 = bebaae972b9aba967a727fe6d0274631 305cc9a0abab104e33ea0d366f17da10
vfs-13-size = 119564 71278
vfs-14 = a9edf10f6700e417d54ceec933fa6792 6f27ecfa1bf7d2afa2bcf04eac853f35
vfs-14-size = 120724 71988
vfs-15 = f733b5a0017e199127d65e5bd3ae6f49 9913976efa01f8935f31892ce3e5475a
vfs-15-size = 120670 71938
vfs-16 = 4caf286ffd4dba3fcdf2cd983a3463ef 8253776f160be33640b9892d93223f6c
vfs-16-size = 120728 71923
vfs-17 = b290b9a60debe154f48c4afeef136f4c 97a9a91f4dad2c526e6199a35516d8c4
vfs-17-size = 4601 3173

