# Build Configuration

root = b09a4643849d77206644164135da2657
install = 203880ea685c4c7cbe3dab0c9a8979a3 11287b2c99c6322082daf6378a2e1b45
install-size = 3772746 3666064
download = 1be8fc2a03293ef696336228244fc24e eb810acb9f363acc40363f04457d2e72
download-size = 464330 428457
size = a3edd2e2051dc4d7f5e6851c88179387 b21cf189eb2951dfccaafa93e2ad2bc0
size-size = 293073 261561
encoding = d4b7d3eaadde5831acd16dce7d6a4006 fb84540f9a2a99b2a2957e8c678091b9
encoding-size = 1222051 1222224
build-name = 11.2.0.113927.dp-event-nosurge.008fc3caf9.Filtered
build-product = Gryphon
build-uid = gryphon
build-token = e5f7d873-f507-2a05-5610-37d4a896cc16
build-data-compatibility-hash = 2d445c5c9e0ee8eaf32c4dd1a1397b45
build-data-content-hash = 22131faab9af182ee3b8bf076aae3764
build-full-version = 11.2.0.113927.dp-event-nosurge.008fc3caf9
build-version = 11.2.0.113927
build-git-branch = dp-event-nosurge
build-git-commit-hash = 008fc3caf959981b872ca60b2cdcf5edbeb2f05d
vfs-root = 68df1fbbec7cc07d94f25551f167d457 fc28e154387380ec5c5e36ac1d9c0251
vfs-root-size = 178 184
vfs-1 = 68df1fbbec7cc07d94f25551f167d457 fc28e154387380ec5c5e36ac1d9c0251
vfs-1-size = 178 184
vfs-2 = a0c90b47745fcacc8ff21fc12f291b29 fd2a4e52ec90ae4df89147b6b07b3b5e
vfs-2-size = 410 378
vfs-3 = 2ad184ed6d6347777406fee1014ebb3d 615367692e41f093877cd3d233fbdcee
vfs-3-size = 189473 113051
vfs-4 = 789794977067354de04f51d286972ece c127efb6d505ef4b5486dc7710142bbc
vfs-4-size = 102365 61089
vfs-5 = 4958f4767b12853a150c5726ae6ac1fe c37f26193d3202cbe26d1626d556741f
vfs-5-size = 102848 61376
vfs-6 = 4fcfce444a52e2ed92e17a7ec5158db1 d4bb4cfa93843b0902b948c426e5deb3
vfs-6-size = 103499 61815
vfs-7 = 1f76a839b03a28104a4ee6107f0a6769 376f65380cfe91850e39435a945a7193
vfs-7-size = 103451 61733
vfs-8 = f13f701bb806765da7185b1eb0d690bf 3f9c91aba6f910aea1c9f40d7ec98de8
vfs-8-size = 103395 61765
vfs-9 = 74aaf8e9947e0101f3f5da30fb61008f c28e6e7930a2aecbfd626d54d63e4f1d
vfs-9-size = 119303 65603
vfs-10 = 1878076287882c99bda32a209cf77fc8 faec85ec2b2e540c4306c45252f7f8fb
vfs-10-size = 4876 3346
vfs-11 = c278a1a494c3f2e51c24e9dde12a35db f6348003bce2b54909ad082cdd47302e
vfs-11-size = 157128 87710
vfs-12 = f9b63c1ca7817ccbb88457a553a03624 8cef5f08a221fa31a448b586ad7c91b6
vfs-12-size = 342602 202598
vfs-13 = 14120e27df6239661336e7f747e8724a 6a205ce3aff4695249a3840d306a25a0
vfs-13-size = 119900 71478
vfs-14 = 4815247d2bb6565446ba62a0919e33ea 59c6891bb2409f457cef583d02820a24
vfs-14-size = 121066 72171
vfs-15 = 53ca98fe0b1baced79dcf8158fed6ce4 1eef3943ded1e209f7469f6d9e22b134
vfs-15-size = 121012 72146
vfs-16 = 6fecae2cf5dd128dd8404613b7b12911 211d27635231e9b0366212b8fa71ef8f
vfs-16-size = 121073 72136
vfs-17 = 60e82e6c2ae5fc0b613a5b67d936d229 9d7846fc5b4c98f4d55e3cc0e07bf75d
vfs-17-size = 410 376
vfs-18 = 9c58f17b77525cb992b2078287a091c9 591352a1aa5cdead6a69f3afdcb820eb
vfs-18-size = 189473 113060
vfs-19 = 789794977067354de04f51d286972ece c127efb6d505ef4b5486dc7710142bbc
vfs-19-size = 102365 61089
vfs-20 = 4958f4767b12853a150c5726ae6ac1fe c37f26193d3202cbe26d1626d556741f
vfs-20-size = 102848 61376
vfs-21 = 4fcfce444a52e2ed92e17a7ec5158db1 d4bb4cfa93843b0902b948c426e5deb3
vfs-21-size = 103499 61815
vfs-22 = 1f76a839b03a28104a4ee6107f0a6769 376f65380cfe91850e39435a945a7193
vfs-22-size = 103451 61733
vfs-23 = f13f701bb806765da7185b1eb0d690bf 3f9c91aba6f910aea1c9f40d7ec98de8
vfs-23-size = 103395 61765
vfs-24 = 6d14ba61c7888d938e3b478cf7a3e9ab 0f0d2dee0db4368f035811070932e4f0
vfs-24-size = 119303 65663
vfs-25 = 1878076287882c99bda32a209cf77fc8 faec85ec2b2e540c4306c45252f7f8fb
vfs-25-size = 4876 3346

