# Build Configuration

root = a1b2f401dc407c27fa394ca63c4b48d6
install = 088a0febb63ebc9c5c4bf2c45e7c9760 62d02c673b56d552b6abf905fd39d379
install-size = 1743679 1665962
download = c855adc49d9fbbe7cbbd85765e89d465 70c046fcf9e4ba7351084f8a7762de02
download-size = 314488 286005
size = 096b69568745c23a8e8b17cac3b7bcf2 8541e148f866df36017be78f7f4490e6
size-size = 199148 175315
encoding = 44b10f7b7481a7cd852b729e728179a2 85c912c8d4548239f7e4574fe815fc40
encoding-size = 821634 821806
patch-index = 0e43aae8ce23d033896997d62ce5c4c7 00972d0095f26069d71da78fbd213614
patch-index-size = 9929 7949
patch = b401b947881f482bebfad534260fa372
patch-size = 12639
patch-config = f4aef4be14d44d8acba13f4d152edbab
build-name = 4.5.0.89922.dp-spring-sale.d8724ce8b9.Filtered
build-product = Gryphon
build-uid = gryphon
build-token = 0b1d7380-8b82-bd2b-7f10-6712296bd485
build-data-compatibility-hash = 2cd2fa68c3570e668a39bc47bd0e1b60
build-data-content-hash = 617e94e31b4b5c44e1284ed38c8bc120
build-full-version = 4.5.0.89922.dp-spring-sale.d8724ce8b9
build-version = 4.5.0.89922
build-git-branch = dp-spring-sale
build-git-commit-hash = d8724ce8b91cc749f8088eea1627be64601eb3dc
vfs-root = 2687ed145d29c49378e915423c0c685f 1430402bf00346d872e8f4f6b1713b64
vfs-root-size = 173 194
vfs-1 = 2687ed145d29c49378e915423c0c685f 1430402bf00346d872e8f4f6b1713b64
vfs-1-size = 173 194
vfs-2 = 61fa18636421c9a9e1e979cc5f7b828f 30a5c35c40be811d86da4be21fb23bf6
vfs-2-size = 163288 107066
vfs-3 = 252d6e63831e8a573edcbfaba42cc92b 9091f0f9835af1ab6f38059e28a4f25a
vfs-3-size = 279390 198332
vfs-4 = 4bca0102ad22c329665438d038f0b89a a21a72770fed750168a8456cd1634e58
vfs-4-size = 148034 102973
vfs-5 = c7925472b29d0103d3b81fca14e74c4d e48223623c156e7e92bcedd2e61cd562
vfs-5-size = 153611 107062
vfs-6 = 6c870ddf0ac7927ed60442493be62d84 e7525b44f705496feda2634ef718a3f1
vfs-6-size = 153504 107067
vfs-7 = d8ac446fcfd20a59f678b65ee03805a3 fd11ce665fd376aa673289bba74b82c5
vfs-7-size = 153441 106978
vfs-8 = ed01e5cf0a46a2acdb6a978e78366a37 af73bd219a5d943f42c0e27723bce4b1
vfs-8-size = 153231 106855
vfs-9 = b1a627f0bf53e6bb76e0a9a8cb952aa1 ca23e726e6ca8aa9f1200810f8401cb5
vfs-9-size = 5119 3987
vfs-10 = ae94e4f56eafe6b4eda745405db2a47f 03a37102adb648674e54d45ad3bda0cc
vfs-10-size = 158914 103029
vfs-11 = 1250ad0bcb3079979ddc71705db58690 4701916f813d236ae0008a67828eb4fe
vfs-11-size = 279390 198327
vfs-12 = 4bca0102ad22c329665438d038f0b89a a21a72770fed750168a8456cd1634e58
vfs-12-size = 148034 102973
vfs-13 = c7925472b29d0103d3b81fca14e74c4d e48223623c156e7e92bcedd2e61cd562
vfs-13-size = 153611 107062
vfs-14 = 6c870ddf0ac7927ed60442493be62d84 e7525b44f705496feda2634ef718a3f1
vfs-14-size = 153504 107067
vfs-15 = d8ac446fcfd20a59f678b65ee03805a3 fd11ce665fd376aa673289bba74b82c5
vfs-15-size = 153441 106978
vfs-16 = ed01e5cf0a46a2acdb6a978e78366a37 af73bd219a5d943f42c0e27723bce4b1
vfs-16-size = 153231 106855
vfs-17 = b1a627f0bf53e6bb76e0a9a8cb952aa1 ca23e726e6ca8aa9f1200810f8401cb5
vfs-17-size = 5119 3987

