# Build Configuration

root = 9f4e52a3001bc4c02db65ced842466f9
install = c2b6b1b743badefa28fca041a049c2ea 80816839db18e8ecf3f302bb23d1ecab
install-size = 4097398 3974622
download = 4017cb1ff2d02f85cee41e0756727669 a87761de81f6edba7bf797db5fa5667b
download-size = 491046 451544
size = 8a859266759b5ffff80b2eaa69c49770 8128bbaff3f89edd94c751680d10c9b6
size-size = 310852 277557
encoding = f183a57b24f4e2cf0ced81be70e423c4 c37627c45462a1c0273b6b33a4e96750
encoding-size = 1283971 1284145
build-name = 11.1.0.112758.dp-siegedayfix.7b51ec5354.Filtered
build-product = Gryphon
build-uid = gryphon
build-token = 45ea828a-6d86-89e4-e0a5-597614f34f24
build-data-compatibility-hash = ec160599a8465ccc423044e5ecc4211f
build-data-content-hash = 6e3d5be8518ab816eae6a4d4fe404be2
build-full-version = 11.1.0.112758.dp-siegedayfix.7b51ec5354
build-version = 11.1.0.112758
build-git-branch = dp-siegedayfix
build-git-commit-hash = 7b51ec53543cefd345f3255a9e15a483f2d6c3fc
vfs-root = c4f0c257a8e16d8f54e1696c670e92ac ac494b80c0b9e0c7a631ed7e4cc22f74
vfs-root-size = 178 184
vfs-1 = c4f0c257a8e16d8f54e1696c670e92ac ac494b80c0b9e0c7a631ed7e4cc22f74
vfs-1-size = 178 184
vfs-2 = ca6b9e00f47a43e5d40b55a75241698b cae041583f47938ad1bd3b5f4f145c01
vfs-2-size = 410 379
vfs-3 = ff858d212368bbc9724fe946a59389b2 dbf45638b44c965f10d34ab570d2ab61
vfs-3-size = 224096 133877
vfs-4 = 310a00180ef48fde3abe13e0f196aa7c 5b4626827a461b02725c75e29b8eaeca
vfs-4-size = 118317 70460
vfs-5 = bebaae972b9aba967a727fe6d0274631 305cc9a0abab104e33ea0d366f17da10
vfs-5-size = 119564 71278
vfs-6 = a9edf10f6700e417d54ceec933fa6792 6f27ecfa1bf7d2afa2bcf04eac853f35
vfs-6-size = 120724 71988
vfs-7 = f733b5a0017e199127d65e5bd3ae6f49 9913976efa01f8935f31892ce3e5475a
vfs-7-size = 120670 71938
vfs-8 = 4caf286ffd4dba3fcdf2cd983a3463ef 8253776f160be33640b9892d93223f6c
vfs-8-size = 120728 71923
vfs-9 = 95cac2f119942edfa84482705c44ef8d ebd4ab7ddc16c7314f762e4abe78adcf
vfs-9-size = 143545 78312
vfs-10 = 1878076287882c99bda32a209cf77fc8 faec85ec2b2e540c4306c45252f7f8fb
vfs-10-size = 4876 3346
vfs-11 = 5e257079c381a3b8f62bef1e80a158f1 6dea74e15b5a5fc1a81f0b3e1806ae68
vfs-11-size = 156417 87251
vfs-12 = 60327c8e75649e6cea1c3e827c505a4f 5521f6fc335cf72808524a434326f9a4
vfs-12-size = 342260 202387
vfs-13 = 7bbc6d1381ea8496a8138ca16d5ad923 af18e7f9b8ff7c7aa788c3ef7630b64d
vfs-13-size = 119564 71290
vfs-14 = 708a3606025213ca59e928ab1d5253ed 0d6877879ce27ba75794ca06bb9fc91d
vfs-14-size = 120724 72000
vfs-15 = c23bb03ed8697a2ac1330c94fcdb2271 a90a6c8610122267ea1507372dee9f5a
vfs-15-size = 120670 71957
vfs-16 = ccac9edccf00f1cc0c5565f5f8a5a8fb fa34ed021cdfd28a0b8aa0d724b6124e
vfs-16-size = 120728 71931
vfs-17 = 1387fb8107e248c5a3b22f4b9731381e a5be8a061bb0b5ca99914fb32aae604a
vfs-17-size = 410 378
vfs-18 = 3df7722cbc03dc8d1288cde4aeab92e9 4f65216edc1e292f889ceb65889224fc
vfs-18-size = 224096 133888
vfs-19 = 310a00180ef48fde3abe13e0f196aa7c 5b4626827a461b02725c75e29b8eaeca
vfs-19-size = 118317 70460
vfs-20 = bebaae972b9aba967a727fe6d0274631 305cc9a0abab104e33ea0d366f17da10
vfs-20-size = 119564 71278
vfs-21 = a9edf10f6700e417d54ceec933fa6792 6f27ecfa1bf7d2afa2bcf04eac853f35
vfs-21-size = 120724 71988
vfs-22 = f733b5a0017e199127d65e5bd3ae6f49 9913976efa01f8935f31892ce3e5475a
vfs-22-size = 120670 71938
vfs-23 = 4caf286ffd4dba3fcdf2cd983a3463ef 8253776f160be33640b9892d93223f6c
vfs-23-size = 120728 71923
vfs-24 = d72393888a6a3e8d7a5480941f58f5e5 40a45ad8e766252cb67dd299fbb24578
vfs-24-size = 143545 78327
vfs-25 = 1878076287882c99bda32a209cf77fc8 faec85ec2b2e540c4306c45252f7f8fb
vfs-25-size = 4876 3346

