# Build Configuration

root = 4c34678270552c41a80bb5044d32f58b
install = ae5bdb480f174bc9bc293eda4647e070 d8aa7a3d700a90faedf8c171c00ac239
install-size = 1827684 1752184
download = 9ca29caf5c6cceed7b749c16e83c8482 b665596dc04431811efad6fd0d761155
download-size = 353382 323908
size = 8cad946b1246d78f3e9edf591b885e12 b5d29ea82742c35739919ad8eb3783e3
size-size = 223759 198465
encoding = 5d200f61fb3f8913fe7a39346d2b0944 5eb54bf72ec41cdd573af1f67044ca90
encoding-size = 924834 925005
build-name = 8.5.0.105086.dp-dmf09.a061dda2bf.Filtered
build-product = Gryphon
build-uid = gryphon
build-token = 63e409bc-89bd-77dc-4157-7b32fbdbb09f
build-data-compatibility-hash = 912f837294f905b00b846bb652019b2a
build-data-content-hash = d303bef3e9e1e9b65be2e37959b871a6
build-full-version = 8.5.0.105086.dp-dmf09.a061dda2bf
build-version = 8.5.0.105086
build-git-branch = dp-dmf09
build-git-commit-hash = a061dda2bf339c7be17b4d58bc8b39d5ed83a3ce
vfs-root = fb56b00bea9c840b9e7ae7999a935207 8cd346fa7ff002219f94c3498de46daa
vfs-root-size = 139 152
vfs-1 = fb56b00bea9c840b9e7ae7999a935207 8cd346fa7ff002219f94c3498de46daa
vfs-1-size = 139 152
vfs-2 = d0fb44ba9bafa70c989df87c383c815a 0c712e7b3110deb05b601da0ba1c51e9
vfs-2-size = 140324 75902
vfs-3 = 1048138f94e905b1f846f306fa8569e7 28aa30f8983c27158991ec3b1e064ca4
vfs-3-size = 224175 133888
vfs-4 = 623934988c84680014354823fa8b6e9e ca36d657d7476721b9c7c08827f5ee74
vfs-4-size = 116551 69459
vfs-5 = ef3432d559a5ad5037803ef52f8fb509 6348b43a04aeb2319565a7b988951826
vfs-5-size = 117806 70249
vfs-6 = 2e3f5c124f389775f6e459aba14b45d8 dce7d10a49e36be97ca7c10807893ce4
vfs-6-size = 117802 70316
vfs-7 = 826b036c87b3634d7624547ada9ed40f 338befca2fd62898b6825842d9e5a11a
vfs-7-size = 117776 70322
vfs-8 = 2e726a07d2e458f09c625908ae8f5191 f9e0608b4bcff4134fb883d791dfc8aa
vfs-8-size = 117830 70257
vfs-9 = f5f797e895ee4f9e8159c22d80c31566 6d8428794ef0723f60796d76ba513979
vfs-9-size = 4311 3019
vfs-10 = f05cb315db3ae8f84d006323e201c2b8 6869f78c57b1a8ae64439e515be4ffad
vfs-10-size = 140324 75887
vfs-11 = 21d2eebf04e69c56da2b1dc47a3f44c0 307e093a156f45baa309c4f8a8290d1b
vfs-11-size = 223957 133737
vfs-12 = 623934988c84680014354823fa8b6e9e ca36d657d7476721b9c7c08827f5ee74
vfs-12-size = 116551 69459
vfs-13 = ef3432d559a5ad5037803ef52f8fb509 6348b43a04aeb2319565a7b988951826
vfs-13-size = 117806 70249
vfs-14 = 2e3f5c124f389775f6e459aba14b45d8 dce7d10a49e36be97ca7c10807893ce4
vfs-14-size = 117802 70316
vfs-15 = 826b036c87b3634d7624547ada9ed40f 338befca2fd62898b6825842d9e5a11a
vfs-15-size = 117776 70322
vfs-16 = 2e726a07d2e458f09c625908ae8f5191 f9e0608b4bcff4134fb883d791dfc8aa
vfs-16-size = 117830 70257
vfs-17 = f5f797e895ee4f9e8159c22d80c31566 6d8428794ef0723f60796d76ba513979
vfs-17-size = 4311 3019

