# Build Configuration

root = 0f09c930ab64849cadc7ddee6e7643f3
install = dd9de2b1bfa219ee34a028a093061278 978e93c31217ce728c34c8b88e011452
install-size = 3846674 3737589
download = d32e9bce912d924005d817154b590e97 f8a6bfba5e37a371e790e8733dbacba4
download-size = 484154 446463
size = 38b587a22a0f0e53826f3dce78f41bb4 381b052aa172242490173ae0fad06354
size-size = 305580 272825
encoding = c532809447ded5adb6c0c94ac2ce16d9 abb5c23d4b6190c95172bda08e134c10
encoding-size = 1271587 1271760
build-name = 14.0.0.118254.dp-thrall-ironforge.05ca659d3a.Filtered
build-product = Gryphon
build-uid = gryphon
build-token = 7b1eff6e-2e76-45b4-77f6-caa6bc81317c
build-data-compatibility-hash = f6164bce98e07846e56504fb26956697
build-data-content-hash = 65e072841c9e071ca8d22810a21ce254
build-full-version = 14.0.0.118254.dp-thrall-ironforge.05ca659d3a
build-version = 14.0.0.118254
build-git-branch = dp-thrall-ironforge
build-git-commit-hash = 05ca659d3a097dc7787a98d2a40987f9efcf010c
vfs-root = ba566d7899bef7fbc043fd20b0ab7dcb 8c08cba013476c5a9e09270a32f19176
vfs-root-size = 178 183
vfs-1 = ba566d7899bef7fbc043fd20b0ab7dcb 8c08cba013476c5a9e09270a32f19176
vfs-1-size = 178 183
vfs-2 = e17217b82ea35f27bd3a31db39b1793d 18226184b1ee8e48726c09a1707cc529
vfs-2-size = 410 377
vfs-3 = de24813d89f9386d002f9d5e2ecb82da f4560d96ca03020510f230ab40b4af77
vfs-3-size = 189473 113052
vfs-4 = 443e3d4084aa9c974f6a6aace0308f24 0649cbd69fe9106cc118f201d6e7483b
vfs-4-size = 103178 61606
vfs-5 = 922a786174fc22949fd44f43f80d4c9e 65b1a74f35ad1451dd7c4d1b4ccf66bf
vfs-5-size = 103661 61858
vfs-6 = 81e1a9fe8b164a1a014f2dbf3045111d 1da09d92d40da5f5dba0676ecaffb91b
vfs-6-size = 104309 62342
vfs-7 = 20047dbf6ec1bb482b8b45c7a7ced813 4d0d9aaca3acb8be420f39f490245b95
vfs-7-size = 104284 62216
vfs-8 = 7e9cad8d1f52de36d8226a0d26ef368b 773670c4ed4376114385b44f40d2213c
vfs-8-size = 104200 62226
vfs-9 = 3bf5c5c558f8a3a1c90f2b08adca5381 952e8614723bf835cdaeedb0fcacbb03
vfs-9-size = 134127 73317
vfs-10 = 6d808391c9df40c99ca9f4f67a988cea 895f6db748c783ab42a6922d41a562e4
vfs-10-size = 5026 3439
vfs-11 = e25c1c4f4fff18bfeb5cfd453fcb227d 0d38823f8d2365c8f5a76c0076d1ebd4
vfs-11-size = 168789 94084
vfs-12 = 1ea32018ba205f130297d12614817d3b dca512b1411885cadcc43089f2737d45
vfs-12-size = 343412 203019
vfs-13 = 6a38c18394c2e8b7b12839e50a6f68e6 44c6fd8eace7eaa1a9d3c4922c48b006
vfs-13-size = 120711 71951
vfs-14 = f0995293d9d6541b060a58ecad343a62 b8f7b521735fe5054bcf2b8742d8d2e9
vfs-14-size = 121876 72670
vfs-15 = edebda499db7e1198b561134efefd0a3 09c9489d2dfda260306d09290beea51a
vfs-15-size = 121821 72589
vfs-16 = fbc29ad86e90d1b341b6cf4419bab4ec eded7ba6c006a8907e814dc5afcc6b57
vfs-16-size = 121878 72587
vfs-17 = e0547328b7a04c57f490d05c5cd59d0d 1095768a568e2ba12bdaf99ad2ac23c9
vfs-17-size = 410 375
vfs-18 = 51f43f3fd1c6634ac96f54fdadd12cc4 d3763a0b7a0b62db4465b09af2b17f1c
vfs-18-size = 189473 113045
vfs-19 = 443e3d4084aa9c974f6a6aace0308f24 0649cbd69fe9106cc118f201d6e7483b
vfs-19-size = 103178 61606
vfs-20 = 922a786174fc22949fd44f43f80d4c9e 65b1a74f35ad1451dd7c4d1b4ccf66bf
vfs-20-size = 103661 61858
vfs-21 = 81e1a9fe8b164a1a014f2dbf3045111d 1da09d92d40da5f5dba0676ecaffb91b
vfs-21-size = 104309 62342
vfs-22 = 20047dbf6ec1bb482b8b45c7a7ced813 4d0d9aaca3acb8be420f39f490245b95
vfs-22-size = 104284 62216
vfs-23 = 7e9cad8d1f52de36d8226a0d26ef368b 773670c4ed4376114385b44f40d2213c
vfs-23-size = 104200 62226
vfs-24 = 9c2858f640b2f6a5468e3f81770a1488 2d0ebdf00dba97990852f30c761b283f
vfs-24-size = 134196 73385
vfs-25 = 6d808391c9df40c99ca9f4f67a988cea 895f6db748c783ab42a6922d41a562e4
vfs-25-size = 5026 3439

