# Build Configuration

root = ae84a2993c058ef8e998517b5f381ada
install = b9717688f37370250676de0d79dc4516 28dd6f3a0ea64506be8316e5899323d0
install-size = 4097150 3974325
download = ca28d19f6cbc2818cab2779bfd9f274c d4a8a54d2715a56ce245f6a1256d2e5f
download-size = 491024 451558
size = 381267a9f3d6954620383c737e12ba4a 1fb578a8e16a80690a3ea7c7c14b781c
size-size = 310839 277656
encoding = 944fbecd4ce689d97e87538c71c2837d dd4e65d72d8e1a946ca1a365cc82c3ba
encoding-size = 1283971 1284145
build-name = 11.1.0.112249.dp-botgps.c7d335eccf.Filtered
build-product = Gryphon
build-uid = gryphon
build-token = f5d9e0e2-e895-2c34-ad90-e7f8d2165cfe
build-data-compatibility-hash = 4b1036fa7ae7b9aa83f045a5763a18b7
build-data-content-hash = 4883e035e5425ef437608cc89074b468
build-full-version = 11.1.0.112249.dp-botgps.c7d335eccf
build-version = 11.1.0.112249
build-git-branch = dp-botgps
build-git-commit-hash = c7d335eccff4c369ff57785c87a097a773f6d880
vfs-root = d38964ff641ed741964db5f39008f6b9 d1411af39835d67dcd172ef38d44361f
vfs-root-size = 178 181
vfs-1 = d38964ff641ed741964db5f39008f6b9 d1411af39835d67dcd172ef38d44361f
vfs-1-size = 178 181
vfs-2 = 99906d0ff799b4be88972d99845b5357 d3a6483da2a6db8d9bfb4c4458eeb44b
vfs-2-size = 410 376
vfs-3 = ff858d212368bbc9724fe946a59389b2 dbf45638b44c965f10d34ab570d2ab61
vfs-3-size = 224096 133877
vfs-4 = 310a00180ef48fde3abe13e0f196aa7c 5b4626827a461b02725c75e29b8eaeca
vfs-4-size = 118317 70460
vfs-5 = bebaae972b9aba967a727fe6d0274631 305cc9a0abab104e33ea0d366f17da10
vfs-5-size = 119564 71278
vfs-6 = a9edf10f6700e417d54ceec933fa6792 6f27ecfa1bf7d2afa2bcf04eac853f35
vfs-6-size = 120724 71988
vfs-7 = f733b5a0017e199127d65e5bd3ae6f49 9913976efa01f8935f31892ce3e5475a
vfs-7-size = 120670 71938
vfs-8 = 4caf286ffd4dba3fcdf2cd983a3463ef 8253776f160be33640b9892d93223f6c
vfs-8-size = 120728 71923
vfs-9 = 40a5adb95c3b28525a6337ead978e106 ec1768a5295cb6a3c47bac1fc8f2800a
vfs-9-size = 143521 78283
vfs-10 = 89609d0119c7ceaa621827a4254eeae2 0c18f4ee4570e8ad83c9059fbd66ffe3
vfs-10-size = 4825 3312
vfs-11 = f5e126de25e7ec0064c43d7aafcbe2bf 31562cfd838f3aa3f4057502abccabf4
vfs-11-size = 156342 87214
vfs-12 = 60327c8e75649e6cea1c3e827c505a4f 5521f6fc335cf72808524a434326f9a4
vfs-12-size = 342260 202387
vfs-13 = 7bbc6d1381ea8496a8138ca16d5ad923 af18e7f9b8ff7c7aa788c3ef7630b64d
vfs-13-size = 119564 71290
vfs-14 = 708a3606025213ca59e928ab1d5253ed 0d6877879ce27ba75794ca06bb9fc91d
vfs-14-size = 120724 72000
vfs-15 = c23bb03ed8697a2ac1330c94fcdb2271 a90a6c8610122267ea1507372dee9f5a
vfs-15-size = 120670 71957
vfs-16 = ccac9edccf00f1cc0c5565f5f8a5a8fb fa34ed021cdfd28a0b8aa0d724b6124e
vfs-16-size = 120728 71931
vfs-17 = 161bcb50c4c216430db34f90d1e2dd8c 747959e25b0abf541abc6ef97a16f58d
vfs-17-size = 410 376
vfs-18 = 3df7722cbc03dc8d1288cde4aeab92e9 4f65216edc1e292f889ceb65889224fc
vfs-18-size = 224096 133888
vfs-19 = 310a00180ef48fde3abe13e0f196aa7c 5b4626827a461b02725c75e29b8eaeca
vfs-19-size = 118317 70460
vfs-20 = bebaae972b9aba967a727fe6d0274631 305cc9a0abab104e33ea0d366f17da10
vfs-20-size = 119564 71278
vfs-21 = a9edf10f6700e417d54ceec933fa6792 6f27ecfa1bf7d2afa2bcf04eac853f35
vfs-21-size = 120724 71988
vfs-22 = f733b5a0017e199127d65e5bd3ae6f49 9913976efa01f8935f31892ce3e5475a
vfs-22-size = 120670 71938
vfs-23 = 4caf286ffd4dba3fcdf2cd983a3463ef 8253776f160be33640b9892d93223f6c
vfs-23-size = 120728 71923
vfs-24 = aeb4fffb95efc986211e0f17915ccdaa 6211dbbc7167a3ee15be8a3d29d855a7
vfs-24-size = 143521 78313
vfs-25 = 89609d0119c7ceaa621827a4254eeae2 0c18f4ee4570e8ad83c9059fbd66ffe3
vfs-25-size = 4825 3312

