# Build Configuration

root = eda3e377721b342d44f9e9c63c17ded5
install = 2dca8657dc24e0b9570679f74fea077a 54c2d59eea20ae56277d89af4b75ec24
install-size = 3789768 3682515
download = 2b64e1912008e8c07c98696e3e6b15b4 0de80ef211fc21252ec39632b1ffecaf
download-size = 470787 434475
size = 364f6be6f7b6adb4b34bfc4a59505ab4 deeba3fb1c610e1a1a691da92e1866b7
size-size = 297145 265388
encoding = 80c2a515e9c468a2f966d3868aa8d610 579638e6471838bf3e7f5220e55a7cc6
encoding-size = 1238563 1238738
build-name = 11.2.0.114137.dp-priestess-hotfix.94c9a86fff.Filtered
build-product = Gryphon
build-uid = gryphon
build-token = 73b69e49-a918-86b0-57d6-967da178dfa0
build-data-compatibility-hash = 0654d20e8b6bdb5dcd380568d017a23e
build-data-content-hash = b42115de2421bea613f877526d0bf8c9
build-full-version = 11.2.0.114137.dp-priestess-hotfix.94c9a86fff
build-version = 11.2.0.114137
build-git-branch = dp-priestess-hotfix
build-git-commit-hash = 94c9a86fff0805c8a90401a6ea090bc013478ad3
vfs-root = 566408a28635588639d722c9b165dbba cf76dec2bc86d1d08281bb8d50d5fcb9
vfs-root-size = 178 181
vfs-1 = 566408a28635588639d722c9b165dbba cf76dec2bc86d1d08281bb8d50d5fcb9
vfs-1-size = 178 181
vfs-2 = 3a61cee3e77c5a4141a0d31ce690e2b9 5eab8f270d14b3094fc0f4f2eeb064d9
vfs-2-size = 410 378
vfs-3 = 2ad184ed6d6347777406fee1014ebb3d 615367692e41f093877cd3d233fbdcee
vfs-3-size = 189473 113051
vfs-4 = 789794977067354de04f51d286972ece c127efb6d505ef4b5486dc7710142bbc
vfs-4-size = 102365 61089
vfs-5 = 4958f4767b12853a150c5726ae6ac1fe c37f26193d3202cbe26d1626d556741f
vfs-5-size = 102848 61376
vfs-6 = 4fcfce444a52e2ed92e17a7ec5158db1 d4bb4cfa93843b0902b948c426e5deb3
vfs-6-size = 103499 61815
vfs-7 = 1f76a839b03a28104a4ee6107f0a6769 376f65380cfe91850e39435a945a7193
vfs-7-size = 103451 61733
vfs-8 = f13f701bb806765da7185b1eb0d690bf 3f9c91aba6f910aea1c9f40d7ec98de8
vfs-8-size = 103395 61765
vfs-9 = 41324ce6909450e47c09e8daad0556c4 18c3ea6b6d7d70059a39a9635949d87f
vfs-9-size = 128380 70647
vfs-10 = 9e14c9c11b5b9d5c4275118249999315 7f21a73a9f27778856b110b222bd2128
vfs-10-size = 4928 3373
vfs-11 = 371f795d160681659cb078d907365a6d 4b6fb3bbd9e67b87a7dd128fbc1a8791
vfs-11-size = 158856 88676
vfs-12 = f9b63c1ca7817ccbb88457a553a03624 8cef5f08a221fa31a448b586ad7c91b6
vfs-12-size = 342602 202598
vfs-13 = 14120e27df6239661336e7f747e8724a 6a205ce3aff4695249a3840d306a25a0
vfs-13-size = 119900 71478
vfs-14 = 4815247d2bb6565446ba62a0919e33ea 59c6891bb2409f457cef583d02820a24
vfs-14-size = 121066 72171
vfs-15 = 53ca98fe0b1baced79dcf8158fed6ce4 1eef3943ded1e209f7469f6d9e22b134
vfs-15-size = 121012 72146
vfs-16 = 6fecae2cf5dd128dd8404613b7b12911 211d27635231e9b0366212b8fa71ef8f
vfs-16-size = 121073 72136
vfs-17 = 54271beb89a2387d0e6e90dba82a22ff 2e57fbbfb747cc4971bd9fbef1c8ab57
vfs-17-size = 410 378
vfs-18 = 9c58f17b77525cb992b2078287a091c9 591352a1aa5cdead6a69f3afdcb820eb
vfs-18-size = 189473 113060
vfs-19 = 789794977067354de04f51d286972ece c127efb6d505ef4b5486dc7710142bbc
vfs-19-size = 102365 61089
vfs-20 = 4958f4767b12853a150c5726ae6ac1fe c37f26193d3202cbe26d1626d556741f
vfs-20-size = 102848 61376
vfs-21 = 4fcfce444a52e2ed92e17a7ec5158db1 d4bb4cfa93843b0902b948c426e5deb3
vfs-21-size = 103499 61815
vfs-22 = 1f76a839b03a28104a4ee6107f0a6769 376f65380cfe91850e39435a945a7193
vfs-22-size = 103451 61733
vfs-23 = f13f701bb806765da7185b1eb0d690bf 3f9c91aba6f910aea1c9f40d7ec98de8
vfs-23-size = 103395 61765
vfs-24 = 7f35afd55cb31fdf3e9a9bc90220b03b 8e25003742053d43405e62b7ae6ad331
vfs-24-size = 123035 67730
vfs-25 = 9e14c9c11b5b9d5c4275118249999315 7f21a73a9f27778856b110b222bd2128
vfs-25-size = 4928 3373

