# Build Configuration

root = 3a5bc6c96e10ce16b1c437c04eea1ed6
install = e27ae4261f27f91af98e6ddb79f64085 7dd537b6a5c2ef27dc1e2d1776bb2b0e
install-size = 1795346 1721024
download = b39f069556b22619cdad50297a5b212a 771ff0e52385046dea448c301f721f53
download-size = 349244 319752
size = 4946d8bf35ce3bba6978e8cbb2a7a2b1 0f906430749371027c405590ccbfda7a
size-size = 221142 195768
encoding = 1c451945bfccbef2bedbe3d84f3bebd7 026f9af7ed09b2e7ce87b18fb8cc6ed4
encoding-size = 916578 916749
patch-index = 2cc0c4f11282fe369833ca08bcc02233 b7941c2c85e7634a02fc853408964e5b
patch-index-size = 95024 77574
patch = 7bd2571e6bd8a05fea81ce659deb2d11
patch-size = 92291
patch-config = 3b84506ec425c7f610f75e8c341b160f
build-name = 8.0.0.100893.m8.ac9641ee9f.Filtered
build-product = Gryphon
build-uid = gryphon
build-token = 703e7216-be5f-9e13-4b21-5617806b405c
build-data-compatibility-hash = 316b4dde7dd722ebc7bb1698686c320d
build-data-content-hash = 8f663543f5c45386a6248011eac38c04
build-full-version = 8.0.0.100893.m8.ac9641ee9f
build-version = 8.0.0.100893
build-git-branch = m8
build-git-commit-hash = ac9641ee9f5c8cb1dc14ab2884156dc76601ea7b
vfs-root = 353039273d8834f0daa6ad4922de72fe 1d021ab9f70a8536fc67bbe048fe5fda
vfs-root-size = 173 193
vfs-1 = 353039273d8834f0daa6ad4922de72fe 1d021ab9f70a8536fc67bbe048fe5fda
vfs-1-size = 173 193
vfs-2 = 9cef5acbfd4d13bcbeae6e5713beb4fc bae4fa103ef446af8f250465f8346301
vfs-2-size = 185231 120427
vfs-3 = 311db0953ac25d93de438e09d179e4d7 251c0af250cc070afc83df841564bca9
vfs-3-size = 297828 211987
vfs-4 = 87d7b6d7023ce5602ea8780763d567ba 6572891d9c87c1fd2f7bb48d866787f5
vfs-4-size = 158612 111790
vfs-5 = 59f401ac332e0cc21fa6196ba55b867e 2037bd1d5373837ad4dc1914acab5943
vfs-5-size = 160361 113091
vfs-6 = 3bc6b1f2af9740f126c1a9d8aacd1325 cd1317a0262544e71a47a67a07c3f8f2
vfs-6-size = 160272 113172
vfs-7 = 4337ee3b993860bc8a1d95b40a936848 f4c1353adf757c206a8fe041117bd2b0
vfs-7-size = 160235 113047
vfs-8 = eed4144bd2f645af6f92fe619d2ab8df 533f75d363a25426acb1820c5352002a
vfs-8-size = 160289 113063
vfs-9 = 8c384c4c9a2c7b262b7f97c628373582 0c7a5ee59a1076c15375b93fe39cc79e
vfs-9-size = 5640 4395
vfs-10 = bb763c5be104ce4fdd5ba7a82cf47e3a e7d164223071fc04ed6bda2bbc1cfac5
vfs-10-size = 219602 152612
vfs-11 = f974d0e553ba8b16dcbbb983fd90dd83 3282ca02eac4b8686960aac84834c643
vfs-11-size = 297569 211821
vfs-12 = 87d7b6d7023ce5602ea8780763d567ba 6572891d9c87c1fd2f7bb48d866787f5
vfs-12-size = 158612 111790
vfs-13 = 59f401ac332e0cc21fa6196ba55b867e 2037bd1d5373837ad4dc1914acab5943
vfs-13-size = 160361 113091
vfs-14 = 3bc6b1f2af9740f126c1a9d8aacd1325 cd1317a0262544e71a47a67a07c3f8f2
vfs-14-size = 160272 113172
vfs-15 = 4337ee3b993860bc8a1d95b40a936848 f4c1353adf757c206a8fe041117bd2b0
vfs-15-size = 160235 113047
vfs-16 = eed4144bd2f645af6f92fe619d2ab8df 533f75d363a25426acb1820c5352002a
vfs-16-size = 160289 113063
vfs-17 = 8c384c4c9a2c7b262b7f97c628373582 0c7a5ee59a1076c15375b93fe39cc79e
vfs-17-size = 5640 4395

