# Build Configuration

root = a166f089f6ce476278ab353e0220718c
install = 01d78503c7087d5ca1476f08c7fc9195 e3bf8566980e78721b1525498686a8d1
install-size = 1692859 1622146
download = 3f19e4a8a6621459cebcc84339bf0853 7fbc123d873e1920b188563634b892ec
download-size = 328556 300681
size = 945b3ed4e58d7025f93ff36271b173b2 d5c6732ee2e06afc7ef69d407374df80
size-size = 208050 184020
encoding = 4ab5ece3a0f588e279140deac0be0b8d 989ae9e62a17e42b93b6f30a7ca7d507
encoding-size = 862914 863085
patch-index = a9d2c0045c0b6e5e9bea250fc4ef25f1 1b7a5c447a4b452a0470563ee0e50e75
patch-index-size = 630848 490758
patch = cc504cc49740fd3f0c62ab12406a0515
patch-size = 554413
patch-config = 0e4a9d67fe381c8bdc9991b92be97253
build-name = 6.0.0.97718.dp-raid-sch-simple.250281f867.Filtered
build-product = Gryphon
build-uid = gryphon
build-token = 0e5dab9a-af63-02c1-fb6d-6c4f5044eb4e
build-data-compatibility-hash = 25638a09de4494d5e7c53074ae215582
build-data-content-hash = ace45edfe08aa2cdf760b4632a7af67b
build-full-version = 6.0.0.97718.dp-raid-sch-simple.250281f867
build-version = 6.0.0.97718
build-git-branch = dp-raid-sch-simple
build-git-commit-hash = 250281f867d0fbaf53c2257783cf5be704d2d355
vfs-root = 7a69245591e733ccf1426f911edfe15e 04b275090cb458b1f3fc039f5ee039b1
vfs-root-size = 173 194
vfs-1 = 7a69245591e733ccf1426f911edfe15e 04b275090cb458b1f3fc039f5ee039b1
vfs-1-size = 173 194
vfs-2 = 48e5e26e4cb479cb279252a68cd6c435 092cd4361b78c70360380a4e00902d74
vfs-2-size = 340220 266306
vfs-3 = 684107af9d0f28d65cf0526c9c5a672c ac8ff0443b1970f9fa7c41c39f1a0785
vfs-3-size = 349787 263754
vfs-4 = c14caad715f7ba95b4e932f083f0076b c9351ac56b50e36c9e494448c261546d
vfs-4-size = 157563 112946
vfs-5 = adabb60cfb5355994cbb7c82286891a1 cdcee45748e867621ac970c5686509fe
vfs-5-size = 159243 114186
vfs-6 = 89c284392bfc1a4071a24dccfd881b88 da88fb393c270a0eb8024b8a2d6be208
vfs-6-size = 159143 114235
vfs-7 = d1079996ea2e852f3c044684f2946d94 abd79f65aaafc94afbd07324ed4e669d
vfs-7-size = 159112 114185
vfs-8 = 6e4eb59eb92af2f88acc17d7275abebe 3174fbdfc6074b2e815bc1096b3b3bdd
vfs-8-size = 159131 114121
vfs-9 = 50ea841a3e5ae11754aa3a01090bb163 d39e3843afac1f9dec19076688e02736
vfs-9-size = 5323 4152
vfs-10 = 03e720f6874785df157b9d5c3ab6d1cd b7eff971aa59895ebbc9b915d7fdc330
vfs-10-size = 172280 111863
vfs-11 = 37baa1831961d276c132cad88179f566 772862a22be002531c1a4fd7a1884a71
vfs-11-size = 349247 263331
vfs-12 = c14caad715f7ba95b4e932f083f0076b c9351ac56b50e36c9e494448c261546d
vfs-12-size = 157563 112946
vfs-13 = adabb60cfb5355994cbb7c82286891a1 cdcee45748e867621ac970c5686509fe
vfs-13-size = 159243 114186
vfs-14 = 89c284392bfc1a4071a24dccfd881b88 da88fb393c270a0eb8024b8a2d6be208
vfs-14-size = 159143 114235
vfs-15 = d1079996ea2e852f3c044684f2946d94 abd79f65aaafc94afbd07324ed4e669d
vfs-15-size = 159112 114185
vfs-16 = 6e4eb59eb92af2f88acc17d7275abebe 3174fbdfc6074b2e815bc1096b3b3bdd
vfs-16-size = 159131 114121
vfs-17 = 50ea841a3e5ae11754aa3a01090bb163 d39e3843afac1f9dec19076688e02736
vfs-17-size = 5323 4152

