# Build Configuration

root = 70a30737ae4138f888ee25d29b27bf2f
install = 81583b2e7e7f4cb6fb1d025b99e538ba 9988adfbfe92fda07edacd26bc78891b
install-size = 3808752 3700602
download = a5605a60e3f29297ea866a811fdf69ca b4c86238dbb92114155e179c1bb78c6f
download-size = 473734 436949
size = 5deeb4826ae29f959b3163ef93796539 4cc17a85f8c287cd8787d67162a285ce
size-size = 299003 266821
encoding = 92e91330243cb567fa3ae711f1945a9c d0f8230d34c345810b2053c8e75959bb
encoding-size = 1246819 1246993
build-name = 13.0.0.116329.dp-s14-combo.a1d49ad749.Filtered
build-product = Gryphon
build-uid = gryphon
build-token = 5a0c68bf-076c-8fde-95ce-7f81168985a7
build-data-compatibility-hash = f552a83858ba6c00ef6a27beaa535abb
build-data-content-hash = 3b1ec4ce775e964cd1d31f40173b60da
build-full-version = 13.0.0.116329.dp-s14-combo.a1d49ad749
build-version = 13.0.0.116329
build-git-branch = dp-s14-combo
build-git-commit-hash = a1d49ad749ab35cc6e023674c83c36edb6295576
vfs-root = 48383f75b0bf097e37d2dbc44e8109ed bcbba585793089c72deaf01f3473e12f
vfs-root-size = 178 184
vfs-1 = 48383f75b0bf097e37d2dbc44e8109ed bcbba585793089c72deaf01f3473e12f
vfs-1-size = 178 184
vfs-2 = b13825dbde6b902e037e389e89761080 ae90db5f2bf8d3eff01f307d1ced4034
vfs-2-size = 410 376
vfs-3 = 8618352f21cc8137eb7c66cc8f4b2fe9 08584b191337a08cfc3aa1db8bd69616
vfs-3-size = 189473 113065
vfs-4 = 824f6542def445a14f4f5cf3d70d5ab1 451b43c6cb7eee3342790a381e322455
vfs-4-size = 102842 61433
vfs-5 = 29e30b8fb07a965cf7eea1c8028f9867 6f0636551223743f05c601df9d8778d8
vfs-5-size = 103325 61675
vfs-6 = 70ff00a589ce2292e57f95d0a3624bb9 9001a41fe9f7a0560d8da79c13c37635
vfs-6-size = 103973 62109
vfs-7 = dbc299739a10f87c31945c1e5c31fb51 7f5f06573d31bd392023b7523353f446
vfs-7-size = 103948 62029
vfs-8 = 9f9beb9155315f08e8f99acc9ba33e1b cd6a9d1114c44561f1b17c2c44021187
vfs-8-size = 103864 62025
vfs-9 = 10b1cf088fdc94015cb25094894dda4d e7c60203aeae93b58af94890b7f8bf10
vfs-9-size = 125651 68994
vfs-10 = eac6b830d6820da9bd189e3fa4e64abc c83fdba0a6d26f513d58ae56a9a63be2
vfs-10-size = 4977 3410
vfs-11 = eb05e0dbeb06eda958d16337cbc97001 9915e70586163239e38727ee89353450
vfs-11-size = 163247 91116
vfs-12 = 810806351b3d4acfbcedad9d0f912cb6 3b6756bcadead451dce6f4a6eb0dbe10
vfs-12-size = 343073 202862
vfs-13 = dcbb625b0f009e6ecbcdaedf025fd51d 8219a6f1aa9dfa6a405521b6388cfd08
vfs-13-size = 120375 71746
vfs-14 = d9d1f16f60eda39879a648f33e771dee 73a7b085efa28f36ee54b0ed6a85a980
vfs-14-size = 121540 72467
vfs-15 = 9e3259cfbf0429987ed85ec190c7bf4d f085853f12ec42ebc280c45ce5d395d4
vfs-15-size = 121497 72401
vfs-16 = 5998b0c1e237ae030a8d087077d1c5bc f134865ddd99f438c57e993f90a67605
vfs-16-size = 121542 72396
vfs-17 = 68af974b4be63f637f25fd4263f952c1 43696f10f9beede44737ad830cef0623
vfs-17-size = 410 378
vfs-18 = 48ef591f6cef135a57cef0472f40625d 2e1d3d4928c4196f89260ca7af9a94be
vfs-18-size = 189473 113062
vfs-19 = 824f6542def445a14f4f5cf3d70d5ab1 451b43c6cb7eee3342790a381e322455
vfs-19-size = 102842 61433
vfs-20 = 29e30b8fb07a965cf7eea1c8028f9867 6f0636551223743f05c601df9d8778d8
vfs-20-size = 103325 61675
vfs-21 = 70ff00a589ce2292e57f95d0a3624bb9 9001a41fe9f7a0560d8da79c13c37635
vfs-21-size = 103973 62109
vfs-22 = dbc299739a10f87c31945c1e5c31fb51 7f5f06573d31bd392023b7523353f446
vfs-22-size = 103948 62029
vfs-23 = 9f9beb9155315f08e8f99acc9ba33e1b cd6a9d1114c44561f1b17c2c44021187
vfs-23-size = 103864 62025
vfs-24 = d77c796adc693e86b8b03f10fce8f9ae 40c9e1d323859840ba5d36aec9d48bd7
vfs-24-size = 125651 69013
vfs-25 = eac6b830d6820da9bd189e3fa4e64abc c83fdba0a6d26f513d58ae56a9a63be2
vfs-25-size = 4977 3410

