# Build Configuration

root = 315397f57d0f1d590d71a3250b5d17b9
install = f38899cb2c2d71cd37a0bfee2d419a16 d224a461db2e0d717663bea6c130bc49
install-size = 1857554 1781499
download = 52ff7a781c3c0091bbac4df187234ce7 2915a4858d580197479965b5591a20b6
download-size = 364272 334192
size = 56694d9227567a65ca903f74a6aad390 8c15a39e026471119e95f2f533d39667
size-size = 230644 205014
encoding = 0d260f226be25981868da181f9557a39 97e6a682f4e1d120affcc4b270c2b3b6
encoding-size = 953730 953899
build-name = 10.0.0.108477.dp-hallowtiming.9ff482960a.Filtered
build-product = Gryphon
build-uid = gryphon
build-token = c65ae227-93cc-bd3e-85f7-8b4599dc8870
build-data-compatibility-hash = ed3b3889fb372024175ee7536d3c03df
build-data-content-hash = 647af038c1a82e6fc3dab79a33a61a8a
build-full-version = 10.0.0.108477.dp-hallowtiming.9ff482960a
build-version = 10.0.0.108477
build-git-branch = dp-hallowtiming
build-git-commit-hash = 9ff482960a4d6a5b9296da6b6ea329d0b0a6dfca
vfs-root = 56c4a159de2ed9099579c1bd290c4e3f 6ffd84a0c4af8cc112a078ee3110f115
vfs-root-size = 139 152
vfs-1 = 56c4a159de2ed9099579c1bd290c4e3f 6ffd84a0c4af8cc112a078ee3110f115
vfs-1-size = 139 152
vfs-2 = f8638dcd888e22990d6a8201084dc446 58960930f0f5a9d270030b81331daeb3
vfs-2-size = 148590 80375
vfs-3 = 1cf83721f3e48c588ff84afe42c7ef1a 818c408d84a5a73cad25ce2528bbfd40
vfs-3-size = 224314 134025
vfs-4 = 310a00180ef48fde3abe13e0f196aa7c 5b4626827a461b02725c75e29b8eaeca
vfs-4-size = 118317 70460
vfs-5 = bebaae972b9aba967a727fe6d0274631 305cc9a0abab104e33ea0d366f17da10
vfs-5-size = 119564 71278
vfs-6 = a9edf10f6700e417d54ceec933fa6792 6f27ecfa1bf7d2afa2bcf04eac853f35
vfs-6-size = 120724 71988
vfs-7 = f733b5a0017e199127d65e5bd3ae6f49 9913976efa01f8935f31892ce3e5475a
vfs-7-size = 120670 71938
vfs-8 = 4caf286ffd4dba3fcdf2cd983a3463ef 8253776f160be33640b9892d93223f6c
vfs-8-size = 120728 71923
vfs-9 = 5736a5f2d7155bd90948e8485964f9a3 b190a0b20ce6c87699f60ba9d589d662
vfs-9-size = 4459 3080
vfs-10 = e62b6c77484a27d164adaf4bdf686f83 126c6c0ae524933314db1f3749222651
vfs-10-size = 148590 80315
vfs-11 = 3df7722cbc03dc8d1288cde4aeab92e9 4f65216edc1e292f889ceb65889224fc
vfs-11-size = 224096 133888
vfs-12 = 310a00180ef48fde3abe13e0f196aa7c 5b4626827a461b02725c75e29b8eaeca
vfs-12-size = 118317 70460
vfs-13 = bebaae972b9aba967a727fe6d0274631 305cc9a0abab104e33ea0d366f17da10
vfs-13-size = 119564 71278
vfs-14 = a9edf10f6700e417d54ceec933fa6792 6f27ecfa1bf7d2afa2bcf04eac853f35
vfs-14-size = 120724 71988
vfs-15 = f733b5a0017e199127d65e5bd3ae6f49 9913976efa01f8935f31892ce3e5475a
vfs-15-size = 120670 71938
vfs-16 = 4caf286ffd4dba3fcdf2cd983a3463ef 8253776f160be33640b9892d93223f6c
vfs-16-size = 120728 71923
vfs-17 = 5736a5f2d7155bd90948e8485964f9a3 b190a0b20ce6c87699f60ba9d589d662
vfs-17-size = 4459 3080

