# Build Configuration

root = 507b80b0f9d898949922a91bdd1fe05d
install = 0aaaae4648f8887755b3060fdcd5d0c8 3024aef4373ee17f27d6b98108fbdec8
install-size = 3811919 3703503
download = 20843bc1a40f65b22ab32bde24530ef9 009cd67c1b4a9fd2661f96fa391cd6d2
download-size = 475294 438382
size = 5284dc34b6fd5ca1d89ad2f2fadc50a6 08ece16d4130ce10d690bf227c46c211
size-size = 299987 267817
encoding = 678ca1507cbc5e3566becd1f62553f8e 07a58c7baf7011f63b780400e7a4de83
encoding-size = 1250947 1251122
build-name = 12.0.0.115361.dp-arthas-loc.d17cbf0c96.Filtered
build-product = Gryphon
build-uid = gryphon
build-token = 818309e4-a074-dfb7-7b4b-ddf7434b7470
build-data-compatibility-hash = 32d7f8943d66fc6136be0e4c7af458f1
build-data-content-hash = 2c4fd92a012eb5fee80de13eef2339de
build-full-version = 12.0.0.115361.dp-arthas-loc.d17cbf0c96
build-version = 12.0.0.115361
build-git-branch = dp-arthas-loc
build-git-commit-hash = d17cbf0c9633d58d9a76fffdf31c497e057e2c2a
vfs-root = 49852bcfaf60d87f7fb337a7169a236e 4a988ebd8d16548900de48aa2aabf619
vfs-root-size = 178 184
vfs-1 = 49852bcfaf60d87f7fb337a7169a236e 4a988ebd8d16548900de48aa2aabf619
vfs-1-size = 178 184
vfs-2 = a027ff6a4bec2d07884e47896603ee7e b1c15ec6665fad1d9d2e51b73d27c592
vfs-2-size = 410 375
vfs-3 = 8618352f21cc8137eb7c66cc8f4b2fe9 08584b191337a08cfc3aa1db8bd69616
vfs-3-size = 189473 113065
vfs-4 = 824f6542def445a14f4f5cf3d70d5ab1 451b43c6cb7eee3342790a381e322455
vfs-4-size = 102842 61433
vfs-5 = 29e30b8fb07a965cf7eea1c8028f9867 6f0636551223743f05c601df9d8778d8
vfs-5-size = 103325 61675
vfs-6 = 70ff00a589ce2292e57f95d0a3624bb9 9001a41fe9f7a0560d8da79c13c37635
vfs-6-size = 103973 62109
vfs-7 = dbc299739a10f87c31945c1e5c31fb51 7f5f06573d31bd392023b7523353f446
vfs-7-size = 103948 62029
vfs-8 = 9f9beb9155315f08e8f99acc9ba33e1b cd6a9d1114c44561f1b17c2c44021187
vfs-8-size = 103864 62025
vfs-9 = c93c654ac9a1744db127d768d9df1c38 05cb74aa2b427589282f7dbf39f23054
vfs-9-size = 127671 70037
vfs-10 = eac6b830d6820da9bd189e3fa4e64abc c83fdba0a6d26f513d58ae56a9a63be2
vfs-10-size = 4977 3410
vfs-11 = be4fa684334f1dd9d032b3c4bb80a08a d9f29f1f18cda2ab6c958d77d064224f
vfs-11-size = 162461 90700
vfs-12 = 810806351b3d4acfbcedad9d0f912cb6 3b6756bcadead451dce6f4a6eb0dbe10
vfs-12-size = 343073 202862
vfs-13 = dcbb625b0f009e6ecbcdaedf025fd51d 8219a6f1aa9dfa6a405521b6388cfd08
vfs-13-size = 120375 71746
vfs-14 = d9d1f16f60eda39879a648f33e771dee 73a7b085efa28f36ee54b0ed6a85a980
vfs-14-size = 121540 72467
vfs-15 = 9e3259cfbf0429987ed85ec190c7bf4d f085853f12ec42ebc280c45ce5d395d4
vfs-15-size = 121497 72401
vfs-16 = 5998b0c1e237ae030a8d087077d1c5bc f134865ddd99f438c57e993f90a67605
vfs-16-size = 121542 72396
vfs-17 = 4d437de948bab2e1c7575e3d42ff7541 d7845498143608e8dfe6e51a1cf7a606
vfs-17-size = 410 379
vfs-18 = 48ef591f6cef135a57cef0472f40625d 2e1d3d4928c4196f89260ca7af9a94be
vfs-18-size = 189473 113062
vfs-19 = 824f6542def445a14f4f5cf3d70d5ab1 451b43c6cb7eee3342790a381e322455
vfs-19-size = 102842 61433
vfs-20 = 29e30b8fb07a965cf7eea1c8028f9867 6f0636551223743f05c601df9d8778d8
vfs-20-size = 103325 61675
vfs-21 = 70ff00a589ce2292e57f95d0a3624bb9 9001a41fe9f7a0560d8da79c13c37635
vfs-21-size = 103973 62109
vfs-22 = dbc299739a10f87c31945c1e5c31fb51 7f5f06573d31bd392023b7523353f446
vfs-22-size = 103948 62029
vfs-23 = 9f9beb9155315f08e8f99acc9ba33e1b cd6a9d1114c44561f1b17c2c44021187
vfs-23-size = 103864 62025
vfs-24 = 4cd44ca8897866aecbd10a9ba59d1952 b8f943c22aed56dad47d71c46a1dd390
vfs-24-size = 127671 70079
vfs-25 = eac6b830d6820da9bd189e3fa4e64abc c83fdba0a6d26f513d58ae56a9a63be2
vfs-25-size = 4977 3410

