# Build Configuration

root = 4ff271a33f5587380a97aea006e7fec5
install = a7dd765680dfabd0cbdf21f62e276fb0 07dbc693ef9c408ab346c4065cea4749
install-size = 4097398 3974603
download = 671bbe4bee369b83459f4b044ff10054 101d76a47cc59459dd11c4f00d52d6b0
download-size = 491046 451563
size = 99f80ad6ded1a51e5cf709a6354a16e5 ae29ef0a1c508ea5673df4fac797bfe3
size-size = 310852 277634
encoding = 5174428ca88b15881ede2df81a9f0ece a6362e7eac68ff837b86783eba608e2b
encoding-size = 1283971 1284145
build-name = 11.1.0.112461.dp-winds2.fe6514f2c0.Filtered
build-product = Gryphon
build-uid = gryphon
build-token = cec63ca8-2cc1-ed74-52c9-f1235e32ddaf
build-data-compatibility-hash = ddd42d3b4d3b8ef4b9d1655761f051c1
build-data-content-hash = 8fb2c2ed49d869421a7de1485637ed8f
build-full-version = 11.1.0.112461.dp-winds2.fe6514f2c0
build-version = 11.1.0.112461
build-git-branch = dp-winds2
build-git-commit-hash = fe6514f2c0f89b86075f0255b746cddd17f8ebd2
vfs-root = e7550b3a79d3f42867b34f0bf5637f5f 326ce619b6c13aac70069ba2a1f375b1
vfs-root-size = 178 184
vfs-1 = e7550b3a79d3f42867b34f0bf5637f5f 326ce619b6c13aac70069ba2a1f375b1
vfs-1-size = 178 184
vfs-2 = 22ccfc7576cc0eeb82c46a60e8eca4ae a3721cc35f7e3ed06f1f62e7db10693a
vfs-2-size = 410 375
vfs-3 = ff858d212368bbc9724fe946a59389b2 dbf45638b44c965f10d34ab570d2ab61
vfs-3-size = 224096 133877
vfs-4 = 310a00180ef48fde3abe13e0f196aa7c 5b4626827a461b02725c75e29b8eaeca
vfs-4-size = 118317 70460
vfs-5 = bebaae972b9aba967a727fe6d0274631 305cc9a0abab104e33ea0d366f17da10
vfs-5-size = 119564 71278
vfs-6 = a9edf10f6700e417d54ceec933fa6792 6f27ecfa1bf7d2afa2bcf04eac853f35
vfs-6-size = 120724 71988
vfs-7 = f733b5a0017e199127d65e5bd3ae6f49 9913976efa01f8935f31892ce3e5475a
vfs-7-size = 120670 71938
vfs-8 = 4caf286ffd4dba3fcdf2cd983a3463ef 8253776f160be33640b9892d93223f6c
vfs-8-size = 120728 71923
vfs-9 = 9f31bf1947774f01212a560536d40a3e 0392e67f04d40d994a6e9569a73b6c2c
vfs-9-size = 143545 78288
vfs-10 = 1878076287882c99bda32a209cf77fc8 faec85ec2b2e540c4306c45252f7f8fb
vfs-10-size = 4876 3346
vfs-11 = 7df25de777689b00948b13fc5e069331 ea291db04341c7929fcdaf9917d4a427
vfs-11-size = 156417 87258
vfs-12 = 60327c8e75649e6cea1c3e827c505a4f 5521f6fc335cf72808524a434326f9a4
vfs-12-size = 342260 202387
vfs-13 = 7bbc6d1381ea8496a8138ca16d5ad923 af18e7f9b8ff7c7aa788c3ef7630b64d
vfs-13-size = 119564 71290
vfs-14 = 708a3606025213ca59e928ab1d5253ed 0d6877879ce27ba75794ca06bb9fc91d
vfs-14-size = 120724 72000
vfs-15 = c23bb03ed8697a2ac1330c94fcdb2271 a90a6c8610122267ea1507372dee9f5a
vfs-15-size = 120670 71957
vfs-16 = ccac9edccf00f1cc0c5565f5f8a5a8fb fa34ed021cdfd28a0b8aa0d724b6124e
vfs-16-size = 120728 71931
vfs-17 = ec704cf240c4bfd20f608a0e03f43add 305b5ed3d3b1f8cfdeba9ba1e220c204
vfs-17-size = 410 377
vfs-18 = 3df7722cbc03dc8d1288cde4aeab92e9 4f65216edc1e292f889ceb65889224fc
vfs-18-size = 224096 133888
vfs-19 = 310a00180ef48fde3abe13e0f196aa7c 5b4626827a461b02725c75e29b8eaeca
vfs-19-size = 118317 70460
vfs-20 = bebaae972b9aba967a727fe6d0274631 305cc9a0abab104e33ea0d366f17da10
vfs-20-size = 119564 71278
vfs-21 = a9edf10f6700e417d54ceec933fa6792 6f27ecfa1bf7d2afa2bcf04eac853f35
vfs-21-size = 120724 71988
vfs-22 = f733b5a0017e199127d65e5bd3ae6f49 9913976efa01f8935f31892ce3e5475a
vfs-22-size = 120670 71938
vfs-23 = 4caf286ffd4dba3fcdf2cd983a3463ef 8253776f160be33640b9892d93223f6c
vfs-23-size = 120728 71923
vfs-24 = ae3f0a5d2756de3cb622c67e475bd456 693376a91f75da580061f2cfdd539c71
vfs-24-size = 143545 78325
vfs-25 = 1878076287882c99bda32a209cf77fc8 faec85ec2b2e540c4306c45252f7f8fb
vfs-25-size = 4876 3346

