# Build Configuration

root = 7c8c66ea254a246724cb50b7dba78e26
install = 3585a323c1717a28b0697bac370f171c d37c6820812f9e6a3899cf2cc31eb30c
install-size = 4097150 3974303
download = ad0ced965bdd296cbf21d7b7debb904f 5465fc7cfa23e1fe2a9bd7c11b7f6af1
download-size = 491024 451550
size = 0ebb178192edcb9a54ce5bf27ae2246f 4f231d9ea8222becae42a40f1c0b060d
size-size = 310839 277675
encoding = e232133fb249f2d78d4c5c1f6e36154d 3cf25b918ee94595dcd49ff7afcb6897
encoding-size = 1283971 1284145
build-name = 11.1.0.112117.dp-winds-hf.8f74286761.Filtered
build-product = Gryphon
build-uid = gryphon
build-token = fd215d72-ffbb-dc3d-79fb-753a36ae45c9
build-data-compatibility-hash = 4b1036fa7ae7b9aa83f045a5763a18b7
build-data-content-hash = 668c9e9912573e9d91d5fb3e7c0f6999
build-full-version = 11.1.0.112117.dp-winds-hf.8f74286761
build-version = 11.1.0.112117
build-git-branch = dp-winds-hf
build-git-commit-hash = 8f74286761ad58126ce3f81dc7d20eaf0c6ffdcd
vfs-root = 72c06fe63174cc5191ffede9f89be40b 7e8f006ee63605d07bec1846f4e0a023
vfs-root-size = 178 184
vfs-1 = 72c06fe63174cc5191ffede9f89be40b 7e8f006ee63605d07bec1846f4e0a023
vfs-1-size = 178 184
vfs-2 = 55814b15e87b169ebed63f6fb310ed75 9217aa4385e7d48fa84970af144cb0ae
vfs-2-size = 410 376
vfs-3 = ff858d212368bbc9724fe946a59389b2 dbf45638b44c965f10d34ab570d2ab61
vfs-3-size = 224096 133877
vfs-4 = 310a00180ef48fde3abe13e0f196aa7c 5b4626827a461b02725c75e29b8eaeca
vfs-4-size = 118317 70460
vfs-5 = bebaae972b9aba967a727fe6d0274631 305cc9a0abab104e33ea0d366f17da10
vfs-5-size = 119564 71278
vfs-6 = a9edf10f6700e417d54ceec933fa6792 6f27ecfa1bf7d2afa2bcf04eac853f35
vfs-6-size = 120724 71988
vfs-7 = f733b5a0017e199127d65e5bd3ae6f49 9913976efa01f8935f31892ce3e5475a
vfs-7-size = 120670 71938
vfs-8 = 4caf286ffd4dba3fcdf2cd983a3463ef 8253776f160be33640b9892d93223f6c
vfs-8-size = 120728 71923
vfs-9 = b13ca4e554ecb3472533e463e14fe4d9 0ef70113cd868e66953cb3b4b01f0d48
vfs-9-size = 143521 78301
vfs-10 = 89609d0119c7ceaa621827a4254eeae2 0c18f4ee4570e8ad83c9059fbd66ffe3
vfs-10-size = 4825 3312
vfs-11 = 6983865bb12f11aad20d2459b79296f5 887f9196836a37dcac1c8c3c3b94f6f0
vfs-11-size = 156342 87201
vfs-12 = 60327c8e75649e6cea1c3e827c505a4f 5521f6fc335cf72808524a434326f9a4
vfs-12-size = 342260 202387
vfs-13 = 7bbc6d1381ea8496a8138ca16d5ad923 af18e7f9b8ff7c7aa788c3ef7630b64d
vfs-13-size = 119564 71290
vfs-14 = 708a3606025213ca59e928ab1d5253ed 0d6877879ce27ba75794ca06bb9fc91d
vfs-14-size = 120724 72000
vfs-15 = c23bb03ed8697a2ac1330c94fcdb2271 a90a6c8610122267ea1507372dee9f5a
vfs-15-size = 120670 71957
vfs-16 = ccac9edccf00f1cc0c5565f5f8a5a8fb fa34ed021cdfd28a0b8aa0d724b6124e
vfs-16-size = 120728 71931
vfs-17 = a33636174c8b2917e9af2e8e3211a4ce b94cedba0f3394f06187d9be0d4896e3
vfs-17-size = 410 375
vfs-18 = 3df7722cbc03dc8d1288cde4aeab92e9 4f65216edc1e292f889ceb65889224fc
vfs-18-size = 224096 133888
vfs-19 = 310a00180ef48fde3abe13e0f196aa7c 5b4626827a461b02725c75e29b8eaeca
vfs-19-size = 118317 70460
vfs-20 = bebaae972b9aba967a727fe6d0274631 305cc9a0abab104e33ea0d366f17da10
vfs-20-size = 119564 71278
vfs-21 = a9edf10f6700e417d54ceec933fa6792 6f27ecfa1bf7d2afa2bcf04eac853f35
vfs-21-size = 120724 71988
vfs-22 = f733b5a0017e199127d65e5bd3ae6f49 9913976efa01f8935f31892ce3e5475a
vfs-22-size = 120670 71938
vfs-23 = 4caf286ffd4dba3fcdf2cd983a3463ef 8253776f160be33640b9892d93223f6c
vfs-23-size = 120728 71923
vfs-24 = 5d4b6f4860829a2a857415ee0ac5000c f2e251951a15f81078a0957b773b3c2b
vfs-24-size = 143521 78311
vfs-25 = 89609d0119c7ceaa621827a4254eeae2 0c18f4ee4570e8ad83c9059fbd66ffe3
vfs-25-size = 4825 3312

