# Build Configuration

root = 7383dbc26ccfe9a24eab217cf3a05633
install = c3640bb44d9a0f69959543f7c7fe687e d18c4cae769bc16220d560badee575c6
install-size = 1827684 1744473
download = b2e13efddaefc841f76d806418df5cf8 f124625965d9a661a0cef0f37fb97249
download-size = 353230 319635
size = fc7781a1f7a3f116af1273538090b8d7 82fb3a56eb4f4d505112318754400037
size-size = 223661 194957
encoding = e264c8ec801e2e7dd66dab3fd7096e85 4689763154515b664ed476eeaca734d2
encoding-size = 924834 925005
patch-index = 10e0880c6382969359a5aec91cf68ff3 34ff07bd5da9347b7c49d6ae52dcf7da
patch-index-size = 49701 40819
patch = ed04b226d9b19dcd24c33ac63fa7b83b
patch-size = 48735
patch-config = d43a2ce043c0dad3d89ef4c567851287
build-name = 8.0.0.103027.m8-season8.8aa6013dc9.Filtered
build-product = Gryphon
build-uid = gryphon
build-token = 9c20ab8a-0294-0e5d-e9cb-5a71b6fe223a
build-data-compatibility-hash = 238d4954c4cdde680f937c56f656c152
build-data-content-hash = 8925b215f0fbd66fe3f8cd8812310680
build-full-version = 8.0.0.103027.m8-season8.8aa6013dc9
build-version = 8.0.0.103027
build-git-branch = m8-season8
build-git-commit-hash = 8aa6013dc9a68f714bc2d60724b561f7d8450253
vfs-root = 114124928fae4d1a2f4703a0b0e2a05e adfb2a53be7ea992f0d1e9fae06678c9
vfs-root-size = 173 193
vfs-1 = 114124928fae4d1a2f4703a0b0e2a05e adfb2a53be7ea992f0d1e9fae06678c9
vfs-1-size = 173 193
vfs-2 = 5b42e33bc969df7f679a9e708325bb20 67f1e77cb7c70c898c3364c4390bcc61
vfs-2-size = 185659 120695
vfs-3 = d8f5ed31c92b1f064814e57be500ba73 8059081ae782e7ff63352621025cfddb
vfs-3-size = 302798 215017
vfs-4 = 66b931293add61e870b038ea1eea4208 7de524b6fd6a6ac082e849335b8df26c
vfs-4-size = 159967 112479
vfs-5 = 26273b0e748d00aabfb158e2ee67de53 3fc5d329d98b3ef3808cb72940f8258c
vfs-5-size = 161724 113816
vfs-6 = f34f345df6571dacb8cda9cc850a0245 75010eb895318548e3eaa9906acef4c5
vfs-6-size = 161774 113995
vfs-7 = b0e4e7ac6e4735515ac6c4a33a2916e4 b05f6de64ca0cf7ec797f7bb79d9f721
vfs-7-size = 161730 113893
vfs-8 = 5914d837cb21bdfe83161f7dee39f1e7 962528ba4e32c4bef6ba1f3943191400
vfs-8-size = 161766 113832
vfs-9 = 2ac81d891ac07164e882b7e4bcf4941d d5d1c2b60c61d191febe834769045a9b
vfs-9-size = 5705 4447
vfs-10 = f092c1ababe154360963bb4be2065e0c 6e88d2145d1c7d3c21efc45b51997d8c
vfs-10-size = 206962 140462
vfs-11 = 83d66caf9bf891916e0a90ad20c3dd1f 1b31aab80fdeed5302da091eeb0c169d
vfs-11-size = 302512 214765
vfs-12 = 66b931293add61e870b038ea1eea4208 7de524b6fd6a6ac082e849335b8df26c
vfs-12-size = 159967 112479
vfs-13 = 26273b0e748d00aabfb158e2ee67de53 3fc5d329d98b3ef3808cb72940f8258c
vfs-13-size = 161724 113816
vfs-14 = f34f345df6571dacb8cda9cc850a0245 75010eb895318548e3eaa9906acef4c5
vfs-14-size = 161774 113995
vfs-15 = b0e4e7ac6e4735515ac6c4a33a2916e4 b05f6de64ca0cf7ec797f7bb79d9f721
vfs-15-size = 161730 113893
vfs-16 = 5914d837cb21bdfe83161f7dee39f1e7 962528ba4e32c4bef6ba1f3943191400
vfs-16-size = 161766 113832
vfs-17 = 2ac81d891ac07164e882b7e4bcf4941d d5d1c2b60c61d191febe834769045a9b
vfs-17-size = 5705 4447

