# Build Configuration

root = a2ab17cd4dedc28b626b040551ab4b27
install = 0e7c127dcd0bc039c63fb0d139eca6bd 1ad9c74c14bf1fdf0d956dda5c6a46d2
install-size = 3808174 3699422
download = 0552cf071417a7152d04e217f8d2405f 2cdeb7df4e6717eb240e82e4bbdd0269
download-size = 473712 436914
size = edf6278e1f385bb30d0901b53ebdc899 6308dcbd16984c17399e93f59b21024a
size-size = 298990 266858
encoding = bc511b7be80c9f8d6a4c9cbf00bd9063 6508c8138b96ebec278fc34c0fb1e203
encoding-size = 1246819 1246993
build-name = 12.1.0.115935.dp-spring-sale.c2fd3d9d8a.Filtered
build-product = Gryphon
build-uid = gryphon
build-token = 697c9e47-1219-0d13-4931-1d6456aacff5
build-data-compatibility-hash = 1fb076c102da7c60cdabb1546bb12970
build-data-content-hash = 6f550e1db24d2ba7bc3cdb1f2219b01c
build-full-version = 12.1.0.115935.dp-spring-sale.c2fd3d9d8a
build-version = 12.1.0.115935
build-git-branch = dp-spring-sale
build-git-commit-hash = c2fd3d9d8ac902fc61cd86c8e684e837774acbdf
vfs-root = 72aea6c7b73522a1fb4f919b9594932b e1c8d92e5179af8390bfd353b55b8baa
vfs-root-size = 178 181
vfs-1 = 72aea6c7b73522a1fb4f919b9594932b e1c8d92e5179af8390bfd353b55b8baa
vfs-1-size = 178 181
vfs-2 = 99c25c017c57e80e5a69fd0467f667f6 edf7e9723ac69309478e4e46b6c25704
vfs-2-size = 410 375
vfs-3 = 8618352f21cc8137eb7c66cc8f4b2fe9 08584b191337a08cfc3aa1db8bd69616
vfs-3-size = 189473 113065
vfs-4 = 824f6542def445a14f4f5cf3d70d5ab1 451b43c6cb7eee3342790a381e322455
vfs-4-size = 102842 61433
vfs-5 = 29e30b8fb07a965cf7eea1c8028f9867 6f0636551223743f05c601df9d8778d8
vfs-5-size = 103325 61675
vfs-6 = 70ff00a589ce2292e57f95d0a3624bb9 9001a41fe9f7a0560d8da79c13c37635
vfs-6-size = 103973 62109
vfs-7 = dbc299739a10f87c31945c1e5c31fb51 7f5f06573d31bd392023b7523353f446
vfs-7-size = 103948 62029
vfs-8 = 9f9beb9155315f08e8f99acc9ba33e1b cd6a9d1114c44561f1b17c2c44021187
vfs-8-size = 103864 62025
vfs-9 = a947d3473f86225b4812f44d6051d566 f07fe5e1751b5d4e86e0217221e55117
vfs-9-size = 125903 69158
vfs-10 = eac6b830d6820da9bd189e3fa4e64abc c83fdba0a6d26f513d58ae56a9a63be2
vfs-10-size = 4977 3410
vfs-11 = 23b3932f514798babb95908e88b3c823 401d61783f6bd8459eaf1f5df8bfcce2
vfs-11-size = 162573 90748
vfs-12 = 810806351b3d4acfbcedad9d0f912cb6 3b6756bcadead451dce6f4a6eb0dbe10
vfs-12-size = 343073 202862
vfs-13 = dcbb625b0f009e6ecbcdaedf025fd51d 8219a6f1aa9dfa6a405521b6388cfd08
vfs-13-size = 120375 71746
vfs-14 = d9d1f16f60eda39879a648f33e771dee 73a7b085efa28f36ee54b0ed6a85a980
vfs-14-size = 121540 72467
vfs-15 = 9e3259cfbf0429987ed85ec190c7bf4d f085853f12ec42ebc280c45ce5d395d4
vfs-15-size = 121497 72401
vfs-16 = 5998b0c1e237ae030a8d087077d1c5bc f134865ddd99f438c57e993f90a67605
vfs-16-size = 121542 72396
vfs-17 = 07807c8f839590107393fb96ee1942e9 f39fae11a69f919c20c5b50ccc71aeb3
vfs-17-size = 410 375
vfs-18 = 48ef591f6cef135a57cef0472f40625d 2e1d3d4928c4196f89260ca7af9a94be
vfs-18-size = 189473 113062
vfs-19 = 824f6542def445a14f4f5cf3d70d5ab1 451b43c6cb7eee3342790a381e322455
vfs-19-size = 102842 61433
vfs-20 = 29e30b8fb07a965cf7eea1c8028f9867 6f0636551223743f05c601df9d8778d8
vfs-20-size = 103325 61675
vfs-21 = 70ff00a589ce2292e57f95d0a3624bb9 9001a41fe9f7a0560d8da79c13c37635
vfs-21-size = 103973 62109
vfs-22 = dbc299739a10f87c31945c1e5c31fb51 7f5f06573d31bd392023b7523353f446
vfs-22-size = 103948 62029
vfs-23 = 9f9beb9155315f08e8f99acc9ba33e1b cd6a9d1114c44561f1b17c2c44021187
vfs-23-size = 103864 62025
vfs-24 = 3b4a76edef973c23db85c762a2de7750 be701a071eaafe9909626e548e43856d
vfs-24-size = 125967 69209
vfs-25 = eac6b830d6820da9bd189e3fa4e64abc c83fdba0a6d26f513d58ae56a9a63be2
vfs-25-size = 4977 3410

