# Build Configuration

root = a7538d6072bd60fcadc2fe2da1f39666
install = 81ce075be035758aa6e36fb2ece7c451 e5edd58957fdaf8016101727386c5d70
install-size = 4091399 3968950
download = e3b5764ff0eb7a9b224932e79cb8d66f 41b02596e01ec157fe8802a67f0b2a75
download-size = 489434 450169
size = 0c55f57141a23c478a0098429e587099 38f25f407a7237b524a05a0f94a6554c
size-size = 309834 276789
encoding = 4fc1e053c2fa73bd53288431e8ff8aae cbf450761d3d253ea59a162dce74de10
encoding-size = 1279843 1280018
build-name = 11.0.0.111744.cp-patching.0a32f68405.Filtered
build-product = Gryphon
build-uid = gryphon
build-token = 4a1eab41-2f08-265c-07c0-c8fb442a5c56
build-data-compatibility-hash = 459dd3fbfc3ad7911970400fdc6d1e4d
build-data-content-hash = 52825b29c8cdfadc343a0824d77af904
build-full-version = 11.0.0.111744.cp-patching.0a32f68405
build-version = 11.0.0.111744
build-git-branch = cp-patching
build-git-commit-hash = 0a32f684057107ed3c8635909601650bc19ac483
vfs-root = 9b11b3f1996d78b9b5a69fc13a43ded0 7b738913e43da3276e35d1a277501119
vfs-root-size = 178 184
vfs-1 = 9b11b3f1996d78b9b5a69fc13a43ded0 7b738913e43da3276e35d1a277501119
vfs-1-size = 178 184
vfs-2 = 13ed58441d5ca2a438abfb5e4fd02a87 bb66ef0cc450f1c8da20d1e17afb6c36
vfs-2-size = 410 376
vfs-3 = ff858d212368bbc9724fe946a59389b2 dbf45638b44c965f10d34ab570d2ab61
vfs-3-size = 224096 133877
vfs-4 = 310a00180ef48fde3abe13e0f196aa7c 5b4626827a461b02725c75e29b8eaeca
vfs-4-size = 118317 70460
vfs-5 = bebaae972b9aba967a727fe6d0274631 305cc9a0abab104e33ea0d366f17da10
vfs-5-size = 119564 71278
vfs-6 = a9edf10f6700e417d54ceec933fa6792 6f27ecfa1bf7d2afa2bcf04eac853f35
vfs-6-size = 120724 71988
vfs-7 = f733b5a0017e199127d65e5bd3ae6f49 9913976efa01f8935f31892ce3e5475a
vfs-7-size = 120670 71938
vfs-8 = 4caf286ffd4dba3fcdf2cd983a3463ef 8253776f160be33640b9892d93223f6c
vfs-8-size = 120728 71923
vfs-9 = 562a54de78141288a07b1a83ed9a838d 26db97804390ae8c3da19be0571097e3
vfs-9-size = 142335 77545
vfs-10 = 9317dfc6861e164c9a58774ed3a29885 0c387373fd4c5e4b69f4f3739356b88a
vfs-10-size = 4694 3228
vfs-11 = c709261864acba8bff1d8ced9748f0c6 1234321fb4f3c1cd9e429f346edf0544
vfs-11-size = 155025 86413
vfs-12 = 60327c8e75649e6cea1c3e827c505a4f 5521f6fc335cf72808524a434326f9a4
vfs-12-size = 342260 202387
vfs-13 = 7bbc6d1381ea8496a8138ca16d5ad923 af18e7f9b8ff7c7aa788c3ef7630b64d
vfs-13-size = 119564 71290
vfs-14 = 708a3606025213ca59e928ab1d5253ed 0d6877879ce27ba75794ca06bb9fc91d
vfs-14-size = 120724 72000
vfs-15 = c23bb03ed8697a2ac1330c94fcdb2271 a90a6c8610122267ea1507372dee9f5a
vfs-15-size = 120670 71957
vfs-16 = ccac9edccf00f1cc0c5565f5f8a5a8fb fa34ed021cdfd28a0b8aa0d724b6124e
vfs-16-size = 120728 71931
vfs-17 = 790b954019d7c4cc1440f61d0ac2eb58 d02cd0c0addf41bbfa67e4c6f6075ecd
vfs-17-size = 410 375
vfs-18 = 3df7722cbc03dc8d1288cde4aeab92e9 4f65216edc1e292f889ceb65889224fc
vfs-18-size = 224096 133888
vfs-19 = 310a00180ef48fde3abe13e0f196aa7c 5b4626827a461b02725c75e29b8eaeca
vfs-19-size = 118317 70460
vfs-20 = bebaae972b9aba967a727fe6d0274631 305cc9a0abab104e33ea0d366f17da10
vfs-20-size = 119564 71278
vfs-21 = a9edf10f6700e417d54ceec933fa6792 6f27ecfa1bf7d2afa2bcf04eac853f35
vfs-21-size = 120724 71988
vfs-22 = f733b5a0017e199127d65e5bd3ae6f49 9913976efa01f8935f31892ce3e5475a
vfs-22-size = 120670 71938
vfs-23 = 4caf286ffd4dba3fcdf2cd983a3463ef 8253776f160be33640b9892d93223f6c
vfs-23-size = 120728 71923
vfs-24 = a1305f6894d789019850509873da34de 5999b866fcac65fd260cabf5d050acd0
vfs-24-size = 142335 77578
vfs-25 = 9317dfc6861e164c9a58774ed3a29885 0c387373fd4c5e4b69f4f3739356b88a
vfs-25-size = 4694 3228

