# Build Configuration

root = 2fed96dd0586f60ea87252de80c30c37
install = fd3641dc37349426eb208403cbc032cf 34dd3dd54d5a6e7bdab76d049f1cbe06
install-size = 3822933 3715914
download = 0c34459096af6238f8ffdae2447a23b8 54ad3bb161dd05873e008caa5474f589
download-size = 478672 441481
size = b0410b7a26770a2b897a8d1f84c1e53a 6cf7de50df6a7c61e260b96faef35196
size-size = 302123 269604
encoding = 73c303f6cdab7e2f5bfba35c2f334e4f 5d4322825b7db9941f4d901d83cd64e9
encoding-size = 1259203 1259378
build-name = 15.1.0.118704.cp-directx.4ccffaf2ce.Filtered
build-product = Gryphon
build-uid = gryphon
build-token = 87f342ec-f7d4-4c8f-e58b-d9871e36f08f
build-data-compatibility-hash = 1ca44d3ed53d2dc4c22a9741d7481f7c
build-data-content-hash = d3e8cde7858ae13c0eee1dc29227162d
build-full-version = 15.1.0.118704.cp-directx.4ccffaf2ce
build-version = 15.1.0.118704
build-git-branch = cp-directx
build-git-commit-hash = 4ccffaf2ce8fbf50502d32b6096da5ab7d675a56
feature-placeholder = true
vfs-root = fffc6951e5d6f1343bf1cb03044c0301 128c13b6fa9c5f04ac2764f291703a5f
vfs-root-size = 178 184
vfs-1 = fffc6951e5d6f1343bf1cb03044c0301 128c13b6fa9c5f04ac2764f291703a5f
vfs-1-size = 178 184
vfs-2 = dca7f24d1f149166e1c0ad42c23d19c3 c796dd7430c630c35dbd7899c75f3864
vfs-2-size = 410 380
vfs-3 = db3488aabeb8c6a362e2f5e75ffa0758 c8a11f55d3037a1d14689e41bed85fb5
vfs-3-size = 189473 113052
vfs-4 = fd137fbb5d0d97f87b93a47bba69c765 5640cde3da1b3f995e244abb3cdcb671
vfs-4-size = 102163 61036
vfs-5 = e2ec7a8bc7c77d2a7eb4c8b0e9b1fd9e d1c1b4f8200f0647d588608f1b019fb9
vfs-5-size = 102663 61300
vfs-6 = 94472cce9c157eda90541f7770cb63af c5282a2f50b02c4da308fa50fc0cc8c4
vfs-6-size = 103604 61915
vfs-7 = 28eb3fc60a428bab79790defd5fc6a06 b7231a878f1cfdbc8ff4eee935000ed7
vfs-7-size = 103591 61878
vfs-8 = 5e65fe9030473a06ad780aa2351410fc cc1c9464c5349f5d49098df326f06936
vfs-8-size = 103514 61852
vfs-9 = 96d0edfc440fd3e826f1e2efd36d58bc 9da0eadc412ffd2cbb1516ec10d23102
vfs-9-size = 126510 69675
vfs-10 = 6d808391c9df40c99ca9f4f67a988cea 895f6db748c783ab42a6922d41a562e4
vfs-10-size = 5026 3439
vfs-11 = 4940a339f53d7d503a700cda99b56f67 07dfa91b2bb9e06bf3d802a0b91bddae
vfs-11-size = 170214 94967
vfs-12 = f66b7590693c3f087d4e77c0742be4fa 8794682eb2868fcf0a316b46c9a86907
vfs-12-size = 343412 203015
vfs-13 = 6a38c18394c2e8b7b12839e50a6f68e6 44c6fd8eace7eaa1a9d3c4922c48b006
vfs-13-size = 120711 71951
vfs-14 = c973b584f6d2c622f0f10bd7d199891c 9e10d3b19f335010b55d791fafbf36f7
vfs-14-size = 122157 72806
vfs-15 = 02e5cc19c5f09c35684003a429b0cd76 3b6f5ebb77af75ab56e620289eb14aba
vfs-15-size = 122104 72779
vfs-16 = a0673cc9406bf6d021b512032dbef6f7 55376c2aa1745260fe2f1a12bba2db83
vfs-16-size = 122153 72732
vfs-17 = e240eca9154e9e39fba981ff16ef03a5 4360c7f34a441b2dc3dfd1a5ab5feba2
vfs-17-size = 410 376
vfs-18 = fc1b1f50c6c7cf1c98b6db65b30e10ff 018ec0927adfb1af3581cffe9c83892c
vfs-18-size = 189473 113043
vfs-19 = fd137fbb5d0d97f87b93a47bba69c765 5640cde3da1b3f995e244abb3cdcb671
vfs-19-size = 102163 61036
vfs-20 = e2ec7a8bc7c77d2a7eb4c8b0e9b1fd9e d1c1b4f8200f0647d588608f1b019fb9
vfs-20-size = 102663 61300
vfs-21 = 94472cce9c157eda90541f7770cb63af c5282a2f50b02c4da308fa50fc0cc8c4
vfs-21-size = 103604 61915
vfs-22 = 28eb3fc60a428bab79790defd5fc6a06 b7231a878f1cfdbc8ff4eee935000ed7
vfs-22-size = 103591 61878
vfs-23 = 5e65fe9030473a06ad780aa2351410fc cc1c9464c5349f5d49098df326f06936
vfs-23-size = 103514 61852
vfs-24 = 26a65d708a29199e27d7aa4afbb2442b f85a6f363681011e404690688c8aab1b
vfs-24-size = 126510 69677
vfs-25 = 6d808391c9df40c99ca9f4f67a988cea 895f6db748c783ab42a6922d41a562e4
vfs-25-size = 5026 3439

