# Build Configuration

root = bc491005a3b6dfc93577d9c52d2eb093
install = 692769c2eef370e0ccd91fa0720eb232 11e639a5ba8d2754daf70343f0cda3a3
install-size = 1745721 1667974
download = 0a1f40dd982fa9d6892628870df80414 8a27840bc3e7e2d365c958d69c355026
download-size = 315532 286960
size = fa6fca89657c31372b9579d01431eed9 85a12c7ec905dd7a005ed5ae609ea641
size-size = 199814 175888
encoding = 495305be2b3c36e6b5d75855ec691d4c 9fa4831d3ce2be85a5e6ebf1746158e9
encoding-size = 825762 825934
patch-index = a74f6edc33bf243e0818ffc804109e93 1faf8aae58eff9e92ca6347d399bb053
patch-index-size = 99111 83336
patch = 1e91e6b5f488cbe5d701e67e5e9df4a8
patch-size = 95973
patch-config = 6db48cb60ca50117ba22de26a7382e7e
build-name = 5.0.0.91393.dp-m5loc.0945f6b595.Filtered
build-product = Gryphon
build-uid = gryphon
build-token = 3bbc24c8-bb45-b686-67ac-b21857517810
build-data-compatibility-hash = 711fdc84dfadfa75ed9cd2db5f3f2bf7
build-data-content-hash = 489d0e705dbcd5f77f7e6e836d5af281
build-full-version = 5.0.0.91393.dp-m5loc.0945f6b595
build-version = 5.0.0.91393
build-git-branch = dp-m5loc
build-git-commit-hash = 0945f6b59542322f8042928c7b2dd30dcdcb929c
vfs-root = 4d23307b8c0f02f2e8269cc0a0acfa5e 4cd3141604fcd93175fddefd933152d4
vfs-root-size = 173 192
vfs-1 = 4d23307b8c0f02f2e8269cc0a0acfa5e 4cd3141604fcd93175fddefd933152d4
vfs-1-size = 173 192
vfs-2 = 17410c6c2f0ccd0774e9dfb5555c98f1 2e475dbfec49497f02f392e2727b6635
vfs-2-size = 159896 103692
vfs-3 = 032167dec9fb1384a023dc8522d055e4 38b5f0c918f4e956529b6c52f9f0606f
vfs-3-size = 280509 199248
vfs-4 = 4a5070e8b4e4e11fc14a0fc2d6f26612 f129032ad6c1c4ff1e738f48af352ea7
vfs-4-size = 148205 103108
vfs-5 = 96c2ed5e21dfed1dca81564234193479 f08a8be1f60fdc8277131cf3e615839a
vfs-5-size = 153782 107185
vfs-6 = 7719ef19b1f618c7d34654090d4bd6f1 3f4bd5e8b3b97c63180bb9ec1b96a75d
vfs-6-size = 153675 107221
vfs-7 = 87ca8754f341d2aec68ee4b9f976a039 f9b34009d21c3f67c4395d754a4008f9
vfs-7-size = 153612 107099
vfs-8 = 11419536a8bad9908563f8f2869613f7 6f99fcaddcf0226d9f3217df90459269
vfs-8-size = 153402 106955
vfs-9 = b1a627f0bf53e6bb76e0a9a8cb952aa1 ca23e726e6ca8aa9f1200810f8401cb5
vfs-9-size = 5119 3987
vfs-10 = c182a7ede12fe9d865e3044f4ae8ee7a be038e260a311d831a0175e01d36578c
vfs-10-size = 203069 143371
vfs-11 = 5f88ee02f471ec9e7719d63a2f68972b 799f2d7d61d376f9f8724c96890b2337
vfs-11-size = 280509 199233
vfs-12 = 4a5070e8b4e4e11fc14a0fc2d6f26612 f129032ad6c1c4ff1e738f48af352ea7
vfs-12-size = 148205 103108
vfs-13 = 96c2ed5e21dfed1dca81564234193479 f08a8be1f60fdc8277131cf3e615839a
vfs-13-size = 153782 107185
vfs-14 = 7719ef19b1f618c7d34654090d4bd6f1 3f4bd5e8b3b97c63180bb9ec1b96a75d
vfs-14-size = 153675 107221
vfs-15 = 87ca8754f341d2aec68ee4b9f976a039 f9b34009d21c3f67c4395d754a4008f9
vfs-15-size = 153612 107099
vfs-16 = 11419536a8bad9908563f8f2869613f7 6f99fcaddcf0226d9f3217df90459269
vfs-16-size = 153402 106955
vfs-17 = b1a627f0bf53e6bb76e0a9a8cb952aa1 ca23e726e6ca8aa9f1200810f8401cb5
vfs-17-size = 5119 3987

