# Build Configuration

root = 507b80b0f9d898949922a91bdd1fe05d
install = 6e73abcb032e37bde274807c04618bc7 453e2d6b56fb9ba5d8d40cadcd47f23f
install-size = 3807159 3698798
download = 39b254ab40a557157752ea41b80fe1ab e4bbe63ea037a1b64958eeca02695f0f
download-size = 473344 436532
size = 61e00b73eec372ec8f49e6a1830fae6f d60f729ed77da6880e9ceca556dde15e
size-size = 298757 266635
encoding = 2d77349016ccacdab95c55a04dbeffbe a481cd7eabe2d4d501c50f2daf49e81f
encoding-size = 1246819 1246992
build-name = 12.1.0.115494.cp-12-1.0cf80e0d5a.Filtered
build-product = Gryphon
build-uid = gryphon
build-token = 671564fb-eec8-30fb-c846-b49e65f727b4
build-data-compatibility-hash = a507555ad6d7e85b30a98142de3132ba
build-data-content-hash = 89ca94bce3cdae8ed19c7b85a50dacdb
build-full-version = 12.1.0.115494.cp-12-1.0cf80e0d5a
build-version = 12.1.0.115494
build-git-branch = cp-12-1
build-git-commit-hash = 0cf80e0d5a1f128a0f1f8bf6e8539645847a093e
vfs-root = 3616ce7ccf3fb71f28d3367b6d5f62fc 576419dd29d2f6fc104efd98f154058b
vfs-root-size = 178 184
vfs-1 = 3616ce7ccf3fb71f28d3367b6d5f62fc 576419dd29d2f6fc104efd98f154058b
vfs-1-size = 178 184
vfs-2 = 7d6e95cfd64ec64358601011f2f2633d f2ac704232bacd8112d2d82cc268fabf
vfs-2-size = 410 376
vfs-3 = 8618352f21cc8137eb7c66cc8f4b2fe9 08584b191337a08cfc3aa1db8bd69616
vfs-3-size = 189473 113065
vfs-4 = 824f6542def445a14f4f5cf3d70d5ab1 451b43c6cb7eee3342790a381e322455
vfs-4-size = 102842 61433
vfs-5 = 29e30b8fb07a965cf7eea1c8028f9867 6f0636551223743f05c601df9d8778d8
vfs-5-size = 103325 61675
vfs-6 = 70ff00a589ce2292e57f95d0a3624bb9 9001a41fe9f7a0560d8da79c13c37635
vfs-6-size = 103973 62109
vfs-7 = dbc299739a10f87c31945c1e5c31fb51 7f5f06573d31bd392023b7523353f446
vfs-7-size = 103948 62029
vfs-8 = 9f9beb9155315f08e8f99acc9ba33e1b cd6a9d1114c44561f1b17c2c44021187
vfs-8-size = 103864 62025
vfs-9 = b190ff130ad961508e40bd758ab9ad73 b4db598cbf7e89862c1360d5cb8b6fdf
vfs-9-size = 125453 68854
vfs-10 = eac6b830d6820da9bd189e3fa4e64abc c83fdba0a6d26f513d58ae56a9a63be2
vfs-10-size = 4977 3410
vfs-11 = 49a741ac685f6554c99a120cd0a96948 67dbbe425badc5135dac591ad00d30c2
vfs-11-size = 162461 90685
vfs-12 = 810806351b3d4acfbcedad9d0f912cb6 3b6756bcadead451dce6f4a6eb0dbe10
vfs-12-size = 343073 202862
vfs-13 = dcbb625b0f009e6ecbcdaedf025fd51d 8219a6f1aa9dfa6a405521b6388cfd08
vfs-13-size = 120375 71746
vfs-14 = d9d1f16f60eda39879a648f33e771dee 73a7b085efa28f36ee54b0ed6a85a980
vfs-14-size = 121540 72467
vfs-15 = 9e3259cfbf0429987ed85ec190c7bf4d f085853f12ec42ebc280c45ce5d395d4
vfs-15-size = 121497 72401
vfs-16 = 5998b0c1e237ae030a8d087077d1c5bc f134865ddd99f438c57e993f90a67605
vfs-16-size = 121542 72396
vfs-17 = bb44328c91560f8cdd87522db21f9f71 c574a8e54d09fc0e51127c0b6e3e5a90
vfs-17-size = 410 378
vfs-18 = 48ef591f6cef135a57cef0472f40625d 2e1d3d4928c4196f89260ca7af9a94be
vfs-18-size = 189473 113062
vfs-19 = 824f6542def445a14f4f5cf3d70d5ab1 451b43c6cb7eee3342790a381e322455
vfs-19-size = 102842 61433
vfs-20 = 29e30b8fb07a965cf7eea1c8028f9867 6f0636551223743f05c601df9d8778d8
vfs-20-size = 103325 61675
vfs-21 = 70ff00a589ce2292e57f95d0a3624bb9 9001a41fe9f7a0560d8da79c13c37635
vfs-21-size = 103973 62109
vfs-22 = dbc299739a10f87c31945c1e5c31fb51 7f5f06573d31bd392023b7523353f446
vfs-22-size = 103948 62029
vfs-23 = 9f9beb9155315f08e8f99acc9ba33e1b cd6a9d1114c44561f1b17c2c44021187
vfs-23-size = 103864 62025
vfs-24 = 8f5ced6c1ea784e37ff89e68cbb6f5e2 f2b901cf38f30ba534820aa4a69bc2fb
vfs-24-size = 125453 68898
vfs-25 = eac6b830d6820da9bd189e3fa4e64abc c83fdba0a6d26f513d58ae56a9a63be2
vfs-25-size = 4977 3410

