# Build Configuration

root = f38341b2d4072194c190f6345029dbb1
install = f6fe9180bb82e9d095931ad17ee1a066 eac8df12c0dbab9fde685dd2f25d9847
install-size = 1756347 1678547
download = e45b024be6004c87cfb7c79635c6fbf6 b5fa1af6e36a0921a9ef9bf65df25456
download-size = 317362 288939
size = d609cd33fed241ae8d9742892fbcc3fa 4bd1eee8e3c204a72c3e27be2d8fab66
size-size = 200969 177890
encoding = 8d16b3eceaba100a8bb48970c2b2fdda 2097f776310e9b2abe0c833a869776c7
encoding-size = 834018 834189
patch-index = 8938916aa19f9807ec802feb16375fe5 59bad0a6497cd0d96f9f2b049b82cc5c
patch-index-size = 171152 135184
patch = 0878245395d785712f4971cfc7b2c407
patch-size = 166905
patch-config = 500cedcadae8e19513a5eac74f247976
build-name = 5.0.0.91815.dp-quest-cap2.720a010700.Filtered
build-product = Gryphon
build-uid = gryphon
build-token = c3fe94bd-9bb8-6119-6dc9-3d29b391dbac
build-data-compatibility-hash = 507903f1714387e53406ef3224eaab19
build-data-content-hash = d4c9cac93a406b831f0503188f401010
build-full-version = 5.0.0.91815.dp-quest-cap2.720a010700
build-version = 5.0.0.91815
build-git-branch = dp-quest-cap2
build-git-commit-hash = 720a0107008950105c84c3decbf36845dcc76e46
vfs-root = 37568ac2f38826c296fe6403488c7297 215f8c25655eaf8554e385e905771006
vfs-root-size = 173 193
vfs-1 = 37568ac2f38826c296fe6403488c7297 215f8c25655eaf8554e385e905771006
vfs-1-size = 173 193
vfs-2 = 863c1807c33f73be4e70e864e25fe623 8787fb95c420d83bf1090333c6766091
vfs-2-size = 161035 104401
vfs-3 = a7c282ad82114566185b9daef2825753 0e7ec16a5142914b85bf351e563248ac
vfs-3-size = 285692 203825
vfs-4 = 45986e71c6dfed191c73d7d40e564233 be264a96afb6e79d5cf9dc0bba4b9050
vfs-4-size = 153592 107265
vfs-5 = 85f5114ada9ad0caeb4ec0234de23d97 040f2ce00e00fd89fa066b44fab5b444
vfs-5-size = 159244 111936
vfs-6 = 44c40b5927b899f4498f4e80d6db879b 6fb65173d767ab38cc2f38a99889b698
vfs-6-size = 159130 111898
vfs-7 = 2a056b79de2f3207fec802e5676f53b0 f15309a2e614770f56e2539144be20fc
vfs-7-size = 159067 111826
vfs-8 = bbd61c385934eb67888fe20cf18b6223 b9fbf42c9312d693d8994dc95c5eb588
vfs-8-size = 158861 111685
vfs-9 = 14a13a6f4d7cc210c9f84099548fb9a3 e37dcd414f45ea79541cc667c7b7cfc1
vfs-9-size = 5186 4041
vfs-10 = 5015ad77242d98b0862cc50bdce15bfa 91719b606865c13ab434f1046d4153fd
vfs-10-size = 209797 149478
vfs-11 = 94304072faffcfcd06f440a3cc8afe16 d0835e5c1c706ee0b1ccdcf9e8538117
vfs-11-size = 285908 203988
vfs-12 = 45986e71c6dfed191c73d7d40e564233 be264a96afb6e79d5cf9dc0bba4b9050
vfs-12-size = 153592 107265
vfs-13 = 85f5114ada9ad0caeb4ec0234de23d97 040f2ce00e00fd89fa066b44fab5b444
vfs-13-size = 159244 111936
vfs-14 = 44c40b5927b899f4498f4e80d6db879b 6fb65173d767ab38cc2f38a99889b698
vfs-14-size = 159130 111898
vfs-15 = 2a056b79de2f3207fec802e5676f53b0 f15309a2e614770f56e2539144be20fc
vfs-15-size = 159067 111826
vfs-16 = bbd61c385934eb67888fe20cf18b6223 b9fbf42c9312d693d8994dc95c5eb588
vfs-16-size = 158861 111685
vfs-17 = 14a13a6f4d7cc210c9f84099548fb9a3 e37dcd414f45ea79541cc667c7b7cfc1
vfs-17-size = 5186 4041

