# Build Configuration

root = 44fa7fc6c6fd7b324bcab4fabce0192d
install = 19de4b8c7af809c7e827f319adb96fce e37d2dac795985cad7b1fe7949ee9351
install-size = 3824697 3716504
download = 16cf4baf39001dd7f2fb1f93948f48bc a848628e2b3e32a1d77ff37e3618d7e5
download-size = 479389 442150
size = 5f65674c86bebcb3d0280a7665941357 4b9a0d5f9513a82cfa4063fd07613e28
size-size = 302570 269999
encoding = a9cb8038fd3fb8da1f07152b27ffc7e7 8a916a58938e43d37e0711e72cbceb17
encoding-size = 1259203 1259377
build-name = 15.1.0.118768.dp-s18-events.54be17c5f8.Filtered
build-product = Gryphon
build-uid = gryphon
build-token = 35e3ef8c-e7e4-eba0-b484-6adf0a64ba6a
build-data-compatibility-hash = c2478aebc37f7c2866374fed233ca0eb
build-data-content-hash = cb974bfdb2040604b2e549e7236fa5c9
build-full-version = 15.1.0.118768.dp-s18-events.54be17c5f8
build-version = 15.1.0.118768
build-git-branch = dp-s18-events
build-git-commit-hash = 54be17c5f893551a9ea427800f28b360c880e1f2
feature-placeholder = true
vfs-root = 064c3e6aeb2a7ff9b20193470740ff0c c1ca187a36aca504576b25acda542055
vfs-root-size = 178 184
vfs-1 = 064c3e6aeb2a7ff9b20193470740ff0c c1ca187a36aca504576b25acda542055
vfs-1-size = 178 184
vfs-2 = 861c889bf8f3487c57c67ba649fc9311 4c6347fcad57ecf82fe7193d043c7f6f
vfs-2-size = 410 379
vfs-3 = db3488aabeb8c6a362e2f5e75ffa0758 c8a11f55d3037a1d14689e41bed85fb5
vfs-3-size = 189473 113052
vfs-4 = fd137fbb5d0d97f87b93a47bba69c765 5640cde3da1b3f995e244abb3cdcb671
vfs-4-size = 102163 61036
vfs-5 = e2ec7a8bc7c77d2a7eb4c8b0e9b1fd9e d1c1b4f8200f0647d588608f1b019fb9
vfs-5-size = 102663 61300
vfs-6 = 94472cce9c157eda90541f7770cb63af c5282a2f50b02c4da308fa50fc0cc8c4
vfs-6-size = 103604 61915
vfs-7 = 28eb3fc60a428bab79790defd5fc6a06 b7231a878f1cfdbc8ff4eee935000ed7
vfs-7-size = 103591 61878
vfs-8 = 5e65fe9030473a06ad780aa2351410fc cc1c9464c5349f5d49098df326f06936
vfs-8-size = 103514 61852
vfs-9 = 567af051dbaae1d0d5e9273c397a0417 b54e34ab0b1d41683cee6a9bfdd5a209
vfs-9-size = 127393 70168
vfs-10 = 6d808391c9df40c99ca9f4f67a988cea 895f6db748c783ab42a6922d41a562e4
vfs-10-size = 5026 3439
vfs-11 = 155a4ced516103c9a2939dcd86d10240 ff4536c758c5293897e47bfaaf403c03
vfs-11-size = 170214 94963
vfs-12 = f66b7590693c3f087d4e77c0742be4fa 8794682eb2868fcf0a316b46c9a86907
vfs-12-size = 343412 203015
vfs-13 = 6a38c18394c2e8b7b12839e50a6f68e6 44c6fd8eace7eaa1a9d3c4922c48b006
vfs-13-size = 120711 71951
vfs-14 = c973b584f6d2c622f0f10bd7d199891c 9e10d3b19f335010b55d791fafbf36f7
vfs-14-size = 122157 72806
vfs-15 = 02e5cc19c5f09c35684003a429b0cd76 3b6f5ebb77af75ab56e620289eb14aba
vfs-15-size = 122104 72779
vfs-16 = a0673cc9406bf6d021b512032dbef6f7 55376c2aa1745260fe2f1a12bba2db83
vfs-16-size = 122153 72732
vfs-17 = 3ec4195ac94dbae0754a2da806673dfe bba84adf1a1d453504be9f03125a6a95
vfs-17-size = 410 376
vfs-18 = fc1b1f50c6c7cf1c98b6db65b30e10ff 018ec0927adfb1af3581cffe9c83892c
vfs-18-size = 189473 113043
vfs-19 = fd137fbb5d0d97f87b93a47bba69c765 5640cde3da1b3f995e244abb3cdcb671
vfs-19-size = 102163 61036
vfs-20 = e2ec7a8bc7c77d2a7eb4c8b0e9b1fd9e d1c1b4f8200f0647d588608f1b019fb9
vfs-20-size = 102663 61300
vfs-21 = 94472cce9c157eda90541f7770cb63af c5282a2f50b02c4da308fa50fc0cc8c4
vfs-21-size = 103604 61915
vfs-22 = 28eb3fc60a428bab79790defd5fc6a06 b7231a878f1cfdbc8ff4eee935000ed7
vfs-22-size = 103591 61878
vfs-23 = 5e65fe9030473a06ad780aa2351410fc cc1c9464c5349f5d49098df326f06936
vfs-23-size = 103514 61852
vfs-24 = 09b01a0eddb9cf89f33ee08c3dcb7ccb 76a9d75dd7470bdf3285dc222ffd145c
vfs-24-size = 127283 70110
vfs-25 = 6d808391c9df40c99ca9f4f67a988cea 895f6db748c783ab42a6922d41a562e4
vfs-25-size = 5026 3439

