# Build Configuration

root = d2bb5a17630587ff74b1f942cdbcdc77
install = 77c0f64b159dc3723ba1c8d14a57036a c33b94b02cca495183ddc8974fe69992
install-size = 3846632 3737442
download = 0dd662ae12edf048bc636a0752ba8861 9c18cfb513b99d965088ee7741f0cfd5
download-size = 484132 446449
size = 783e71ff2d3c36b246f9b7aa3d6a387c 50a1badd9c60dcd3ee3e4d1af5b8a4fb
size-size = 305567 272797
encoding = f68b7e57394e4da48da4adb117e5b1d0 7b455989c359a074bc59228121f1de0e
encoding-size = 1271587 1271759
build-name = 14.0.0.117894.dp-igmsurvey.55ae59bd38.Filtered
build-product = Gryphon
build-uid = gryphon
build-token = 77099f45-4a98-8ac9-f3c5-05bae830e1b1
build-data-compatibility-hash = 831aa121a9e2350f3fddfc3e6f2a99ed
build-data-content-hash = 885d622f11a388b3e876a64497bbcdc7
build-full-version = 14.0.0.117894.dp-igmsurvey.55ae59bd38
build-version = 14.0.0.117894
build-git-branch = dp-igmsurvey
build-git-commit-hash = 55ae59bd38fa67dbc7dc9b124d1a508980714630
vfs-root = 071b3a3cffa04e03ad16d3f7952197c9 f16f2c226bb3a368c6033631a7b6817b
vfs-root-size = 178 183
vfs-1 = 071b3a3cffa04e03ad16d3f7952197c9 f16f2c226bb3a368c6033631a7b6817b
vfs-1-size = 178 183
vfs-2 = 44f432eb369cf2283ee79988cd998e5c f969c004a046ea552ae690f603d06b6c
vfs-2-size = 410 378
vfs-3 = de24813d89f9386d002f9d5e2ecb82da f4560d96ca03020510f230ab40b4af77
vfs-3-size = 189473 113052
vfs-4 = 443e3d4084aa9c974f6a6aace0308f24 0649cbd69fe9106cc118f201d6e7483b
vfs-4-size = 103178 61606
vfs-5 = 922a786174fc22949fd44f43f80d4c9e 65b1a74f35ad1451dd7c4d1b4ccf66bf
vfs-5-size = 103661 61858
vfs-6 = 81e1a9fe8b164a1a014f2dbf3045111d 1da09d92d40da5f5dba0676ecaffb91b
vfs-6-size = 104309 62342
vfs-7 = 20047dbf6ec1bb482b8b45c7a7ced813 4d0d9aaca3acb8be420f39f490245b95
vfs-7-size = 104284 62216
vfs-8 = 7e9cad8d1f52de36d8226a0d26ef368b 773670c4ed4376114385b44f40d2213c
vfs-8-size = 104200 62226
vfs-9 = 8ca2690d1097ce86c3881a604c1516a9 3f830f165be6b78619c6f089df4c7d07
vfs-9-size = 134084 73289
vfs-10 = 6d808391c9df40c99ca9f4f67a988cea 895f6db748c783ab42a6922d41a562e4
vfs-10-size = 5026 3439
vfs-11 = a4f3c1751c641734710985df06588d5c 313df8f04866514cd80c51e441ae110a
vfs-11-size = 168789 94064
vfs-12 = 1ea32018ba205f130297d12614817d3b dca512b1411885cadcc43089f2737d45
vfs-12-size = 343412 203019
vfs-13 = 6a38c18394c2e8b7b12839e50a6f68e6 44c6fd8eace7eaa1a9d3c4922c48b006
vfs-13-size = 120711 71951
vfs-14 = f0995293d9d6541b060a58ecad343a62 b8f7b521735fe5054bcf2b8742d8d2e9
vfs-14-size = 121876 72670
vfs-15 = edebda499db7e1198b561134efefd0a3 09c9489d2dfda260306d09290beea51a
vfs-15-size = 121821 72589
vfs-16 = fbc29ad86e90d1b341b6cf4419bab4ec eded7ba6c006a8907e814dc5afcc6b57
vfs-16-size = 121878 72587
vfs-17 = 62e6e3e9527ac72e56a9ab93d4246128 fba960fa9b2b56850c5ff8c55a123eaa
vfs-17-size = 410 377
vfs-18 = 51f43f3fd1c6634ac96f54fdadd12cc4 d3763a0b7a0b62db4465b09af2b17f1c
vfs-18-size = 189473 113045
vfs-19 = 443e3d4084aa9c974f6a6aace0308f24 0649cbd69fe9106cc118f201d6e7483b
vfs-19-size = 103178 61606
vfs-20 = 922a786174fc22949fd44f43f80d4c9e 65b1a74f35ad1451dd7c4d1b4ccf66bf
vfs-20-size = 103661 61858
vfs-21 = 81e1a9fe8b164a1a014f2dbf3045111d 1da09d92d40da5f5dba0676ecaffb91b
vfs-21-size = 104309 62342
vfs-22 = 20047dbf6ec1bb482b8b45c7a7ced813 4d0d9aaca3acb8be420f39f490245b95
vfs-22-size = 104284 62216
vfs-23 = 7e9cad8d1f52de36d8226a0d26ef368b 773670c4ed4376114385b44f40d2213c
vfs-23-size = 104200 62226
vfs-24 = 541dd659bfac2c4fee139d50548bbe09 dc900110cc514b2ca3b537487131fc5d
vfs-24-size = 134202 73400
vfs-25 = 6d808391c9df40c99ca9f4f67a988cea 895f6db748c783ab42a6922d41a562e4
vfs-25-size = 5026 3439

