# Build Configuration

root = 2fd3143ef372daa1bcc7f78d325b3e13
install = f004fa6e2420ef7cfce9bb63d2791df8 981a5b23bdd72503625730b9a57dd86b
install-size = 3788233 3680767
download = 739fb587f59b099b31b3373a395de7f5 725b1fee4ce1769ff269d89b86c52ed1
download-size = 469724 433295
size = 3b89a863be9ba2f3bae3f7b040223710 018d2c92acb196aa40a68dc55ed00e42
size-size = 296478 264596
encoding = 32a9f1b0064e8dfe236fb7ad8fe4bbe3 fc7647563d5ccebef8a434ddf28fe143
encoding-size = 1238563 1238737
build-name = 12.0.0.114863.m12.e1d0e461cf.Filtered
build-product = Gryphon
build-uid = gryphon
build-token = e05f16a4-cf7c-81e1-4fd3-cf84bfe1de7d
build-data-compatibility-hash = 65a5ec6ec1cf6154594e2375ec354f49
build-data-content-hash = 58fbc3042303af4f93f9631c7f2cd3da
build-full-version = 12.0.0.114863.m12.e1d0e461cf
build-version = 12.0.0.114863
build-git-branch = m12
build-git-commit-hash = e1d0e461cf12e1030ce2aac79c4fac09ffef3983
vfs-root = 4fbc39c9d91a2983b9e03fb6de16c722 87b2a9fe32575e2cf990dbe968a31127
vfs-root-size = 178 184
vfs-1 = 4fbc39c9d91a2983b9e03fb6de16c722 87b2a9fe32575e2cf990dbe968a31127
vfs-1-size = 178 184
vfs-2 = a52eb369bc950406fdfe74728a4537b0 9352cc22e06236fae76050b288857365
vfs-2-size = 410 379
vfs-3 = 2ad184ed6d6347777406fee1014ebb3d 615367692e41f093877cd3d233fbdcee
vfs-3-size = 189473 113051
vfs-4 = 789794977067354de04f51d286972ece c127efb6d505ef4b5486dc7710142bbc
vfs-4-size = 102365 61089
vfs-5 = 4958f4767b12853a150c5726ae6ac1fe c37f26193d3202cbe26d1626d556741f
vfs-5-size = 102848 61376
vfs-6 = 4fcfce444a52e2ed92e17a7ec5158db1 d4bb4cfa93843b0902b948c426e5deb3
vfs-6-size = 103499 61815
vfs-7 = 1f76a839b03a28104a4ee6107f0a6769 376f65380cfe91850e39435a945a7193
vfs-7-size = 103451 61733
vfs-8 = f13f701bb806765da7185b1eb0d690bf 3f9c91aba6f910aea1c9f40d7ec98de8
vfs-8-size = 103395 61765
vfs-9 = 5809475df05a5821cd79ba433de16ed7 24f56949c9ed81f5a01df5f29de5e1c4
vfs-9-size = 124638 68611
vfs-10 = 9e14c9c11b5b9d5c4275118249999315 7f21a73a9f27778856b110b222bd2128
vfs-10-size = 4928 3373
vfs-11 = de6ac15c235a0a5e25946866d3a35030 4154e07a4b10a8609fd9a530c6f8d691
vfs-11-size = 159984 89321
vfs-12 = f9b63c1ca7817ccbb88457a553a03624 8cef5f08a221fa31a448b586ad7c91b6
vfs-12-size = 342602 202598
vfs-13 = 14120e27df6239661336e7f747e8724a 6a205ce3aff4695249a3840d306a25a0
vfs-13-size = 119900 71478
vfs-14 = 4815247d2bb6565446ba62a0919e33ea 59c6891bb2409f457cef583d02820a24
vfs-14-size = 121066 72171
vfs-15 = 53ca98fe0b1baced79dcf8158fed6ce4 1eef3943ded1e209f7469f6d9e22b134
vfs-15-size = 121012 72146
vfs-16 = 6fecae2cf5dd128dd8404613b7b12911 211d27635231e9b0366212b8fa71ef8f
vfs-16-size = 121073 72136
vfs-17 = c9b59dfc8be5b78fbb5785fc55928e2a b72012dd3459548c09721ffd1fdb6d93
vfs-17-size = 410 378
vfs-18 = 9c58f17b77525cb992b2078287a091c9 591352a1aa5cdead6a69f3afdcb820eb
vfs-18-size = 189473 113060
vfs-19 = 789794977067354de04f51d286972ece c127efb6d505ef4b5486dc7710142bbc
vfs-19-size = 102365 61089
vfs-20 = 4958f4767b12853a150c5726ae6ac1fe c37f26193d3202cbe26d1626d556741f
vfs-20-size = 102848 61376
vfs-21 = 4fcfce444a52e2ed92e17a7ec5158db1 d4bb4cfa93843b0902b948c426e5deb3
vfs-21-size = 103499 61815
vfs-22 = 1f76a839b03a28104a4ee6107f0a6769 376f65380cfe91850e39435a945a7193
vfs-22-size = 103451 61733
vfs-23 = f13f701bb806765da7185b1eb0d690bf 3f9c91aba6f910aea1c9f40d7ec98de8
vfs-23-size = 103395 61765
vfs-24 = fe0ca4f5ea8f4e5f12e0b8c3036130d9 9d4501c63e32d01644008f43667ad584
vfs-24-size = 123331 67929
vfs-25 = 9e14c9c11b5b9d5c4275118249999315 7f21a73a9f27778856b110b222bd2128
vfs-25-size = 4928 3373

