# Build Configuration

root = 240cbd44670c3ce5e890ca221df1a998
install = cea5d539dd0cf11fff05ad83ea468d30 a912afb9e537948e63084512d2825c8b
install-size = 4106529 3983457
download = a0d13abfef45743eb1f82b57e466f569 b967ee95579c3cd461e9d41ce165be31
download-size = 492244 452653
size = b7714fe786ee5fe72f399a5cb70021ed 9703e0f1944e8c0feefcc7047216f252
size-size = 311609 278256
encoding = 43b690fac2a45f9a1557bf83f5f76788 227bccb267b1c261565628a2a43131ab
encoding-size = 1288099 1288273
build-name = 11.1.0.113559.dp-valentine-victory.6df06976d1.Filtered
build-product = Gryphon
build-uid = gryphon
build-token = c3c0f3af-7a98-57d4-24ea-d183b1ab28fd
build-data-compatibility-hash = b12694a000b863c67463bff91986b647
build-data-content-hash = 226ae14b141b63d0939ad95096b80cbd
build-full-version = 11.1.0.113559.dp-valentine-victory.6df06976d1
build-version = 11.1.0.113559
build-git-branch = dp-valentine-victory
build-git-commit-hash = 6df06976d123b5b07f8b89f9dc53c4f013c660c0
vfs-root = 675c0ae008ffec7ef139b1e3b8778d26 ce0cfcff3327350e1813dc5b5e22f128
vfs-root-size = 178 184
vfs-1 = 675c0ae008ffec7ef139b1e3b8778d26 ce0cfcff3327350e1813dc5b5e22f128
vfs-1-size = 178 184
vfs-2 = 3b12979185bca697730dc25ccc789b06 d151441c5ad349cfe500d951817d19c8
vfs-2-size = 410 375
vfs-3 = 5e3f606291581e1ea3de389d0d994a25 71faba3beb0146b0b3f63c19b01f07c4
vfs-3-size = 224096 133883
vfs-4 = c37b61b746d02ca59ad6fd9bb4fa34bf 4e878a0836f1efad63d1e172ca77b821
vfs-4-size = 118658 70639
vfs-5 = c3a787eaffeaa84bc04f5621856dd217 442367e354239ccb19237bf516274bbe
vfs-5-size = 119900 71484
vfs-6 = efa1f760665809c87f55920d24c12c73 c21cf8f76cf51456b9d8200983807abd
vfs-6-size = 121066 72175
vfs-7 = c6a20f832400f13733472ce902452ecd b6cfad55e8ea083a5ee9c67adce14cff
vfs-7-size = 121012 72158
vfs-8 = 090e1ba11a4170073bdc40f0b3a09658 68f4b35005fdfe507c1bd23927b7e022
vfs-8-size = 121073 72129
vfs-9 = c6eba32cd1865d7b558047935051d1a7 eb8514684cec346cfe3c4b10ec8e6411
vfs-9-size = 143877 78482
vfs-10 = 1878076287882c99bda32a209cf77fc8 faec85ec2b2e540c4306c45252f7f8fb
vfs-10-size = 4876 3346
vfs-11 = ef448771bc647ed7d92695781a570c18 90e15e74c5fdd21798549c41a9babaf3
vfs-11-size = 156749 87472
vfs-12 = 4423583d6058a90a8de17f6327f195ed 8b8fa59205163630952069e0f54eb5cb
vfs-12-size = 342602 202582
vfs-13 = 11faf6c2ef206aa597edb5b73d1ba1fc 96249119c0c48c200529913d749224e5
vfs-13-size = 119900 71492
vfs-14 = fa15afcf0f30af636989f10d059a55b4 e05a08227c8a6b151b542cb83b386cb5
vfs-14-size = 121066 72186
vfs-15 = 4e7c6166f779d8ccf152c4087897a492 fa2443c07d0ecb8b724d1a3ccbec6dbf
vfs-15-size = 121012 72161
vfs-16 = 4930d2453dfd6d0c3c8c32258156c992 811d9cdb03e56046d5e6f34773ff6e0a
vfs-16-size = 121073 72140
vfs-17 = c8c21bdb2f5cab55c9db4fbdffe8a17e dd627c595330c14c198bd8aa59ee147d
vfs-17-size = 410 374
vfs-18 = 10e5298a1b815c94f070e4e047182c1c 2cba732644642d63f40b6064e59ce4d0
vfs-18-size = 224096 133882
vfs-19 = c37b61b746d02ca59ad6fd9bb4fa34bf 4e878a0836f1efad63d1e172ca77b821
vfs-19-size = 118658 70639
vfs-20 = c3a787eaffeaa84bc04f5621856dd217 442367e354239ccb19237bf516274bbe
vfs-20-size = 119900 71484
vfs-21 = efa1f760665809c87f55920d24c12c73 c21cf8f76cf51456b9d8200983807abd
vfs-21-size = 121066 72175
vfs-22 = c6a20f832400f13733472ce902452ecd b6cfad55e8ea083a5ee9c67adce14cff
vfs-22-size = 121012 72158
vfs-23 = 090e1ba11a4170073bdc40f0b3a09658 68f4b35005fdfe507c1bd23927b7e022
vfs-23-size = 121073 72129
vfs-24 = 8cac0ce687d06e29e7eb5c4f0cc34a83 ea1a82fe1d0214454071edad15cbf00c
vfs-24-size = 143877 78539
vfs-25 = 1878076287882c99bda32a209cf77fc8 faec85ec2b2e540c4306c45252f7f8fb
vfs-25-size = 4876 3346

