# Build Configuration

root = 780cd3b44c211cff1eaf385ae8694aeb
install = 8b46650dac9bbae251d7dcc557995b1d 7d5b8506fba7a55c9b272a211503a344
install-size = 4099211 3969231
download = f11ca7cf0dba96bae6fa0accef0ebf1f 3ff46020241b38a187790beaf510cfa8
download-size = 492281 451031
size = c6c953a290e2ee71d81591b0f539c77f d8b8e7368eb90336c67b191652cb2164
size-size = 312555 277389
encoding = bbd42037c9ffe451cbe2513460520d43 30da65c0e7bb5b58e0e678fe4b515e7f
encoding-size = 1279843 1280017
build-name = 11.0.0.110988.dp-igmraidsfix.35b8c8218d.Filtered
build-product = Gryphon
build-uid = gryphon
build-token = 0c58ed75-1f4a-70d3-40c1-65167d4dc68e
build-data-compatibility-hash = 22c5dce7ef76e7eb44938179903ba0e5
build-data-content-hash = 303e7cd4e40533b79993df29915c9fae
build-full-version = 11.0.0.110988.dp-igmraidsfix.35b8c8218d
build-version = 11.0.0.110988
build-git-branch = dp-igmraidsfix
build-git-commit-hash = 35b8c8218d47a738d26f35dda74d0ca7d16f5215
vfs-root = 890e48d02a238725b15e929fc2143f0e ee96772b0bb158d22502a7abc442b28c
vfs-root-size = 178 184
vfs-1 = 890e48d02a238725b15e929fc2143f0e ee96772b0bb158d22502a7abc442b28c
vfs-1-size = 178 184
vfs-2 = 15056356552ca5b87b270cc4b355a2d7 ac30f03d2072742438d3330181141e3c
vfs-2-size = 410 378
vfs-3 = 1cf83721f3e48c588ff84afe42c7ef1a 818c408d84a5a73cad25ce2528bbfd40
vfs-3-size = 224314 134025
vfs-4 = 310a00180ef48fde3abe13e0f196aa7c 5b4626827a461b02725c75e29b8eaeca
vfs-4-size = 118317 70460
vfs-5 = bebaae972b9aba967a727fe6d0274631 305cc9a0abab104e33ea0d366f17da10
vfs-5-size = 119564 71278
vfs-6 = a9edf10f6700e417d54ceec933fa6792 6f27ecfa1bf7d2afa2bcf04eac853f35
vfs-6-size = 120724 71988
vfs-7 = f733b5a0017e199127d65e5bd3ae6f49 9913976efa01f8935f31892ce3e5475a
vfs-7-size = 120670 71938
vfs-8 = 4caf286ffd4dba3fcdf2cd983a3463ef 8253776f160be33640b9892d93223f6c
vfs-8-size = 120728 71923
vfs-9 = d95b3c958a56a9d602cc17c052399598 51b935280421f1aa0ac661bf08409496
vfs-9-size = 142748 77800
vfs-10 = b290b9a60debe154f48c4afeef136f4c 97a9a91f4dad2c526e6199a35516d8c4
vfs-10-size = 4601 3173
vfs-11 = fe605d84797bd01495affcc27be10a16 e5d2070622fc13baba3e4370601a0191
vfs-11-size = 154690 86186
vfs-12 = 8ad6f6b0cbaa90e8370cd07435ee471e 7a2edd2af93bf3f44cb30ac31d02b958
vfs-12-size = 342260 202397
vfs-13 = 7bbc6d1381ea8496a8138ca16d5ad923 af18e7f9b8ff7c7aa788c3ef7630b64d
vfs-13-size = 119564 71290
vfs-14 = 708a3606025213ca59e928ab1d5253ed 0d6877879ce27ba75794ca06bb9fc91d
vfs-14-size = 120724 72000
vfs-15 = c23bb03ed8697a2ac1330c94fcdb2271 a90a6c8610122267ea1507372dee9f5a
vfs-15-size = 120670 71957
vfs-16 = ccac9edccf00f1cc0c5565f5f8a5a8fb fa34ed021cdfd28a0b8aa0d724b6124e
vfs-16-size = 120728 71931
vfs-17 = 1f5794b6f41e450b6703332d95280a9f a7e3ab84ece9814dea7b170cb1f34eaa
vfs-17-size = 410 375
vfs-18 = 3df7722cbc03dc8d1288cde4aeab92e9 4f65216edc1e292f889ceb65889224fc
vfs-18-size = 224096 133888
vfs-19 = 310a00180ef48fde3abe13e0f196aa7c 5b4626827a461b02725c75e29b8eaeca
vfs-19-size = 118317 70460
vfs-20 = bebaae972b9aba967a727fe6d0274631 305cc9a0abab104e33ea0d366f17da10
vfs-20-size = 119564 71278
vfs-21 = a9edf10f6700e417d54ceec933fa6792 6f27ecfa1bf7d2afa2bcf04eac853f35
vfs-21-size = 120724 71988
vfs-22 = f733b5a0017e199127d65e5bd3ae6f49 9913976efa01f8935f31892ce3e5475a
vfs-22-size = 120670 71938
vfs-23 = 4caf286ffd4dba3fcdf2cd983a3463ef 8253776f160be33640b9892d93223f6c
vfs-23-size = 120728 71923
vfs-24 = 64a5f684d08f6bf95ce351672d84f053 0757e54a385634c9713d5e9a9039c682
vfs-24-size = 142748 77807
vfs-25 = b290b9a60debe154f48c4afeef136f4c 97a9a91f4dad2c526e6199a35516d8c4
vfs-25-size = 4601 3173

