# Build Configuration

root = 336f4cfa6be0f8d0451325f2534f7860
install = 084eaa40d029f08c93d45509cf99ab95 9467a25f183f555518c4eee6374f714a
install-size = 1827814 1752299
download = 7c7378b1f6b85456cf9636be0ad311ce 991afd867a3c00105d03bafc2dfba602
download-size = 358652 329156
size = 2bb668c5e26534e06b18435edc05204c 73b23252fe5abcceebe602b08e06ec1d
size-size = 227094 201959
encoding = f5bccaa17d0b71b8aaa2c38b5f9a2311 cc833d5684ea8420d182da429f1c3521
encoding-size = 937218 937388
build-name = 8.5.0.106410.m8.5-season9.2c85a2d2de.Filtered
build-product = Gryphon
build-uid = gryphon
build-token = 42b08c30-2ada-88e0-e9bb-3d590ba81823
build-data-compatibility-hash = a192924fda9ef05e02d0d952e9f994c2
build-data-content-hash = f94d2de10df4a823528d96e6f02458a5
build-full-version = 8.5.0.106410.m8.5-season9.2c85a2d2de
build-version = 8.5.0.106410
build-git-branch = m8.5-season9
build-git-commit-hash = 2c85a2d2de0684a5e8c9302cad5a5a1859b543c3
vfs-root = 6079b23d44282b17b1e8376c00d1b85f 0390287cfb4a6ada865c9fe7de573dce
vfs-root-size = 139 152
vfs-1 = 6079b23d44282b17b1e8376c00d1b85f 0390287cfb4a6ada865c9fe7de573dce
vfs-1-size = 139 152
vfs-2 = b6f9056cc733f2026663f82e0564ddb3 6337ce2ed335ea20becfdd54020f0c50
vfs-2-size = 146213 79101
vfs-3 = 1048138f94e905b1f846f306fa8569e7 28aa30f8983c27158991ec3b1e064ca4
vfs-3-size = 224175 133888
vfs-4 = 623934988c84680014354823fa8b6e9e ca36d657d7476721b9c7c08827f5ee74
vfs-4-size = 116551 69459
vfs-5 = ef3432d559a5ad5037803ef52f8fb509 6348b43a04aeb2319565a7b988951826
vfs-5-size = 117806 70249
vfs-6 = 2e3f5c124f389775f6e459aba14b45d8 dce7d10a49e36be97ca7c10807893ce4
vfs-6-size = 117802 70316
vfs-7 = 826b036c87b3634d7624547ada9ed40f 338befca2fd62898b6825842d9e5a11a
vfs-7-size = 117776 70322
vfs-8 = 2e726a07d2e458f09c625908ae8f5191 f9e0608b4bcff4134fb883d791dfc8aa
vfs-8-size = 117830 70257
vfs-9 = b0cb62ffeaebe770d819652b255da0e7 a2b45b0a11088220a23b2e2e8ed01a95
vfs-9-size = 4355 3051
vfs-10 = 2ed7a1203d5ba2f2f4a6757d31bba784 0448f6cf0e508008b2cbab45f4bb628f
vfs-10-size = 146213 79082
vfs-11 = 21d2eebf04e69c56da2b1dc47a3f44c0 307e093a156f45baa309c4f8a8290d1b
vfs-11-size = 223957 133737
vfs-12 = 623934988c84680014354823fa8b6e9e ca36d657d7476721b9c7c08827f5ee74
vfs-12-size = 116551 69459
vfs-13 = ef3432d559a5ad5037803ef52f8fb509 6348b43a04aeb2319565a7b988951826
vfs-13-size = 117806 70249
vfs-14 = 2e3f5c124f389775f6e459aba14b45d8 dce7d10a49e36be97ca7c10807893ce4
vfs-14-size = 117802 70316
vfs-15 = 826b036c87b3634d7624547ada9ed40f 338befca2fd62898b6825842d9e5a11a
vfs-15-size = 117776 70322
vfs-16 = 2e726a07d2e458f09c625908ae8f5191 f9e0608b4bcff4134fb883d791dfc8aa
vfs-16-size = 117830 70257
vfs-17 = b0cb62ffeaebe770d819652b255da0e7 a2b45b0a11088220a23b2e2e8ed01a95
vfs-17-size = 4355 3051

