# Build Configuration

root = 857fe774b4738468eeb20c0ae9b0f8b3
install = 465a8141c9464a248364f55d502ef362 2d0adef4c3b0511158b0572530046715
install-size = 4099902 3968579
download = 91d051d0e01aabdc31db5efe5e611682 3fad39618326b2cf01b49e972d30c233
download-size = 492391 451938
size = f1d818c33fbe8091420b4b027848a907 2c1cd2abc73cb0766e3f1c6700b9243b
size-size = 312620 278533
encoding = 046db7523be8b5dc249bf49b67601be7 75fc41129279df38fd1128c0403cf9c8
encoding-size = 1279843 1280016
build-name = 11.0.0.111116.dp-winter2.0ab1cfd21e.Filtered
build-product = Gryphon
build-uid = gryphon
build-token = 30d09f34-572a-3b58-2146-18fd4bd5bf4c
build-data-compatibility-hash = 8d8ee04b8b5615086d4a0c4186c77a99
build-data-content-hash = e9aacf7cf59f802fcf47cd6d56ef8a17
build-full-version = 11.0.0.111116.dp-winter2.0ab1cfd21e
build-version = 11.0.0.111116
build-git-branch = dp-winter2
build-git-commit-hash = 0ab1cfd21ed7a8911637cf800c6b4ce0c7826b40
vfs-root = 759650e8d506dc937d112208b83320b2 6e94097dadd822339beb6534ccd9d7d1
vfs-root-size = 178 183
vfs-1 = 759650e8d506dc937d112208b83320b2 6e94097dadd822339beb6534ccd9d7d1
vfs-1-size = 178 183
vfs-2 = 727fd78025a31ff516842829a354f4f7 1e19496ea8d8da6e91d64d518d7ed1f0
vfs-2-size = 410 376
vfs-3 = 1cf83721f3e48c588ff84afe42c7ef1a 818c408d84a5a73cad25ce2528bbfd40
vfs-3-size = 224314 134025
vfs-4 = 310a00180ef48fde3abe13e0f196aa7c 5b4626827a461b02725c75e29b8eaeca
vfs-4-size = 118317 70460
vfs-5 = bebaae972b9aba967a727fe6d0274631 305cc9a0abab104e33ea0d366f17da10
vfs-5-size = 119564 71278
vfs-6 = a9edf10f6700e417d54ceec933fa6792 6f27ecfa1bf7d2afa2bcf04eac853f35
vfs-6-size = 120724 71988
vfs-7 = f733b5a0017e199127d65e5bd3ae6f49 9913976efa01f8935f31892ce3e5475a
vfs-7-size = 120670 71938
vfs-8 = 4caf286ffd4dba3fcdf2cd983a3463ef 8253776f160be33640b9892d93223f6c
vfs-8-size = 120728 71923
vfs-9 = c831d5205bdea3bfaa50cb141f374456 e56ebfac9c32ea7f80713a46896379d9
vfs-9-size = 142811 77840
vfs-10 = 9317dfc6861e164c9a58774ed3a29885 0c387373fd4c5e4b69f4f3739356b88a
vfs-10-size = 4694 3228
vfs-11 = 2e6a183a0c749b999a5d37fba4c1946c 61d6da7b632d2ac628b4ff2be9f0aea1
vfs-11-size = 154846 86301
vfs-12 = 60327c8e75649e6cea1c3e827c505a4f 5521f6fc335cf72808524a434326f9a4
vfs-12-size = 342260 202387
vfs-13 = 7bbc6d1381ea8496a8138ca16d5ad923 af18e7f9b8ff7c7aa788c3ef7630b64d
vfs-13-size = 119564 71290
vfs-14 = 708a3606025213ca59e928ab1d5253ed 0d6877879ce27ba75794ca06bb9fc91d
vfs-14-size = 120724 72000
vfs-15 = c23bb03ed8697a2ac1330c94fcdb2271 a90a6c8610122267ea1507372dee9f5a
vfs-15-size = 120670 71957
vfs-16 = ccac9edccf00f1cc0c5565f5f8a5a8fb fa34ed021cdfd28a0b8aa0d724b6124e
vfs-16-size = 120728 71931
vfs-17 = 00ca0ef6967804c133936725b45e8f94 751165082efc84d6e9d6ea8206edb37a
vfs-17-size = 410 374
vfs-18 = 3df7722cbc03dc8d1288cde4aeab92e9 4f65216edc1e292f889ceb65889224fc
vfs-18-size = 224096 133888
vfs-19 = 310a00180ef48fde3abe13e0f196aa7c 5b4626827a461b02725c75e29b8eaeca
vfs-19-size = 118317 70460
vfs-20 = bebaae972b9aba967a727fe6d0274631 305cc9a0abab104e33ea0d366f17da10
vfs-20-size = 119564 71278
vfs-21 = a9edf10f6700e417d54ceec933fa6792 6f27ecfa1bf7d2afa2bcf04eac853f35
vfs-21-size = 120724 71988
vfs-22 = f733b5a0017e199127d65e5bd3ae6f49 9913976efa01f8935f31892ce3e5475a
vfs-22-size = 120670 71938
vfs-23 = 4caf286ffd4dba3fcdf2cd983a3463ef 8253776f160be33640b9892d93223f6c
vfs-23-size = 120728 71923
vfs-24 = a69c5672f5c931e84326f2a2b4aef3ea 8481dc41b521807100ecd08417f6daf9
vfs-24-size = 142811 77865
vfs-25 = 9317dfc6861e164c9a58774ed3a29885 0c387373fd4c5e4b69f4f3739356b88a
vfs-25-size = 4694 3228

