# Build Configuration

root = f7722cdde7558cb61308e5c4daf49950
install = 4f63f442a62bc70ed6dcfcef382a85fd 168b9ae2f06e3f3b29119fcf2dc61231
install-size = 3787755 3680349
download = fde31042bd821acb0ebc4d8fddbb89f5 0aa610903a763e66248e12b0c08d8c64
download-size = 469551 433075
size = beda8ea1d1cb63ecf175ffee2b70cafe 41064de24017ba6a4f73882e33465147
size-size = 296368 264491
encoding = a9ccf89666fcd08851b49fe6496a2179 44c4f1c10677ad0c63e0774524654eb3
encoding-size = 1238563 1238737
build-name = 12.0.0.115053.dp-charlgafix.225ce2fc44.Filtered
build-product = Gryphon
build-uid = gryphon
build-token = dc4ca66d-daef-19d3-42ab-f620b6c6fd11
build-data-compatibility-hash = 491ce14d5c6f81b406226c88e1608fdd
build-data-content-hash = 33368a492f954174ff68ef6adac8a68d
build-full-version = 12.0.0.115053.dp-charlgafix.225ce2fc44
build-version = 12.0.0.115053
build-git-branch = dp-charlgafix
build-git-commit-hash = 225ce2fc44fb4485d8b7a01049baa1745be097f6
vfs-root = 79f4fdb1fd6a1c1630cd147c127963fa 285327285033339a855af7e34158824b
vfs-root-size = 178 184
vfs-1 = 79f4fdb1fd6a1c1630cd147c127963fa 285327285033339a855af7e34158824b
vfs-1-size = 178 184
vfs-2 = 75ea2a45167f33cd6c23a7f779513d7d d7348251db7123aaf3c9f87a37c74c35
vfs-2-size = 410 379
vfs-3 = 2ad184ed6d6347777406fee1014ebb3d 615367692e41f093877cd3d233fbdcee
vfs-3-size = 189473 113051
vfs-4 = 789794977067354de04f51d286972ece c127efb6d505ef4b5486dc7710142bbc
vfs-4-size = 102365 61089
vfs-5 = 4958f4767b12853a150c5726ae6ac1fe c37f26193d3202cbe26d1626d556741f
vfs-5-size = 102848 61376
vfs-6 = 4fcfce444a52e2ed92e17a7ec5158db1 d4bb4cfa93843b0902b948c426e5deb3
vfs-6-size = 103499 61815
vfs-7 = 1f76a839b03a28104a4ee6107f0a6769 376f65380cfe91850e39435a945a7193
vfs-7-size = 103451 61733
vfs-8 = f13f701bb806765da7185b1eb0d690bf 3f9c91aba6f910aea1c9f40d7ec98de8
vfs-8-size = 103395 61765
vfs-9 = b5f42d849a2eb79a4b343f35d8e6ec5a ad18a0718c21b4bb23a068713e0bdb08
vfs-9-size = 123692 67957
vfs-10 = 9e14c9c11b5b9d5c4275118249999315 7f21a73a9f27778856b110b222bd2128
vfs-10-size = 4928 3373
vfs-11 = a4e257a3150d4d10f96dc22d5ab9ccb0 53cca5b3aaf2a5d71b4654f320ae920a
vfs-11-size = 160061 89383
vfs-12 = f9b63c1ca7817ccbb88457a553a03624 8cef5f08a221fa31a448b586ad7c91b6
vfs-12-size = 342602 202598
vfs-13 = 14120e27df6239661336e7f747e8724a 6a205ce3aff4695249a3840d306a25a0
vfs-13-size = 119900 71478
vfs-14 = 4815247d2bb6565446ba62a0919e33ea 59c6891bb2409f457cef583d02820a24
vfs-14-size = 121066 72171
vfs-15 = 53ca98fe0b1baced79dcf8158fed6ce4 1eef3943ded1e209f7469f6d9e22b134
vfs-15-size = 121012 72146
vfs-16 = 6fecae2cf5dd128dd8404613b7b12911 211d27635231e9b0366212b8fa71ef8f
vfs-16-size = 121073 72136
vfs-17 = 0771fe348baf5d801e37e3b2965d8837 9ada89a1e12a1d2aad1fd8d48dfa7287
vfs-17-size = 410 374
vfs-18 = 9c58f17b77525cb992b2078287a091c9 591352a1aa5cdead6a69f3afdcb820eb
vfs-18-size = 189473 113060
vfs-19 = 789794977067354de04f51d286972ece c127efb6d505ef4b5486dc7710142bbc
vfs-19-size = 102365 61089
vfs-20 = 4958f4767b12853a150c5726ae6ac1fe c37f26193d3202cbe26d1626d556741f
vfs-20-size = 102848 61376
vfs-21 = 4fcfce444a52e2ed92e17a7ec5158db1 d4bb4cfa93843b0902b948c426e5deb3
vfs-21-size = 103499 61815
vfs-22 = 1f76a839b03a28104a4ee6107f0a6769 376f65380cfe91850e39435a945a7193
vfs-22-size = 103451 61733
vfs-23 = f13f701bb806765da7185b1eb0d690bf 3f9c91aba6f910aea1c9f40d7ec98de8
vfs-23-size = 103395 61765
vfs-24 = 516c72119be665de2d715eb13d7c4f9d 1638cb60bc62f9c85fc2204c110b9a54
vfs-24-size = 123692 67990
vfs-25 = 9e14c9c11b5b9d5c4275118249999315 7f21a73a9f27778856b110b222bd2128
vfs-25-size = 4928 3373

