# Build Configuration

root = 2e485389aa00fac1d6fb7f1a6fdbf26e
install = 229b99c26349d490940a730c1a798a10 5010dd28cd5f0c227c90ebf2bbb30ef5
install-size = 3433020 3320583
download = df51dfc57b764e0b4e22c7a8d9906c7c 9f93f88d8baf0c0d7fccdc4644fc16ac
download-size = 450233 411408
size = f366757720850a9c87fb1411a9adb71a 991c0eadc952db3e47bdca9f795840f7
size-size = 285870 252819
encoding = d5a23608d8049c2033d5611dbfeb8771 85af1be8cfd295c8054ab835a09cc6d0
encoding-size = 1172515 1172686
patch-index = b13e13e6945acff9ebdf849058c8faa8 50a79542ec0fbe38eb556407c9009a48
patch-index-size = 386055 285599
patch = 57d073cdc705a4ea039752a72d26243f
patch-size = 338129
patch-config = 3ef6d8b1ff92ca4c46dec3421c37cc3c
build-name = 6.0.0.96792.cp-6.3.0.48282db477.Filtered
build-product = Gryphon
build-uid = gryphon
build-token = bc1e417f-868c-b08e-67d7-46cb26078b36
build-data-compatibility-hash = 25638a09de4494d5e7c53074ae215582
build-data-content-hash = c4d25310a782a6bc6471b1c35d9a985c
build-full-version = 6.0.0.96792.cp-6.3.0.48282db477
build-version = 6.0.0.96792
build-git-branch = cp-6.3.0
build-git-commit-hash = 48282db4777d8530c243a9b6688f657c1c32a5e7
vfs-root = b25365cda330c146ac7c4c5c5c4eb848 2f3cec4a43e0c406eee2ccda077dd167
vfs-root-size = 229 244
vfs-1 = b25365cda330c146ac7c4c5c5c4eb848 2f3cec4a43e0c406eee2ccda077dd167
vfs-1-size = 229 244
vfs-2 = 57afcdb0b71395a2b1cf79c212025325 b9c70c0a9361d85589b5cbd6d7b38ce7
vfs-2-size = 289271 219662
vfs-3 = 6915c72958e0b4af6471467db11892b6 4912e24046c9d9edb0572c2c30fdb805
vfs-3-size = 291224 208727
vfs-4 = 1a1a139bc16496b53e14c3ee025ddd8f 1013da26bdc0d1cc00daeac4de04cc0d
vfs-4-size = 157293 112700
vfs-5 = f66e2e93dcd694528fbd7a609315d855 10bc6360b52ff2e941d29e17c33645ba
vfs-5-size = 159243 114185
vfs-6 = d4ad9fd9ba70437b3e87f7a1ac4d9947 31b60991ac850fea158f81770f818ef8
vfs-6-size = 159143 114223
vfs-7 = 5340885a38bc47ede60a81e76a0ad028 6495534c67f4a7978e5cdb89563f3e4f
vfs-7-size = 159112 114179
vfs-8 = 7a3fbc6c07a05705c9051a0d1602d526 eb452381b868096ccefb0879ddd4812f
vfs-8-size = 159131 114115
vfs-9 = 50ea841a3e5ae11754aa3a01090bb163 d39e3843afac1f9dec19076688e02736
vfs-9-size = 5323 4152
vfs-10 = 581d38941cf479e82c67ec12e4e16329 010b1f40c43cf25dd8349cdd6e977a03
vfs-10-size = 186210 122470
vfs-11 = f801ca6aeb53ed6e59657362ee5a7115 09fe4a79f8ccde7331c7fd51ea27f9a0
vfs-11-size = 438405 311468
vfs-12 = d08155da0f5e9ad56b371db9e8f55e9c d98633ed83fe1a71af193fbefc4d1d08
vfs-12-size = 157542 112621
vfs-13 = a025d2dbd00865e0a9268987a00a2773 ff94780d6cb631d077c2d48560da8b63
vfs-13-size = 157442 112636
vfs-14 = f29360bbb3ec42050808d3742e5c8147 18562bb16091d727283e4ae983def796
vfs-14-size = 157411 112554
vfs-15 = 521a6e4e24f549b9ece336474770287a f84b763ca5e22b024d092635593f2171
vfs-15-size = 157430 112572
vfs-16 = 553b0cd247f6f80795e7be9b80412a92 2cc27c5f9bbd7cd8e34da912e75c2cd7
vfs-16-size = 172280 111870
vfs-17 = 2ea7cdc924575adb1c478e4b4b6116d9 f0cd06af6b8f381e922e5d19979bec0e
vfs-17-size = 290684 208245
vfs-18 = 1a1a139bc16496b53e14c3ee025ddd8f 1013da26bdc0d1cc00daeac4de04cc0d
vfs-18-size = 157293 112700
vfs-19 = f66e2e93dcd694528fbd7a609315d855 10bc6360b52ff2e941d29e17c33645ba
vfs-19-size = 159243 114185
vfs-20 = d4ad9fd9ba70437b3e87f7a1ac4d9947 31b60991ac850fea158f81770f818ef8
vfs-20-size = 159143 114223
vfs-21 = 5340885a38bc47ede60a81e76a0ad028 6495534c67f4a7978e5cdb89563f3e4f
vfs-21-size = 159112 114179
vfs-22 = 7a3fbc6c07a05705c9051a0d1602d526 eb452381b868096ccefb0879ddd4812f
vfs-22-size = 159131 114115
vfs-23 = 50ea841a3e5ae11754aa3a01090bb163 d39e3843afac1f9dec19076688e02736
vfs-23-size = 5323 4152

