# Build Configuration

root = 0f09c930ab64849cadc7ddee6e7643f3
install = 4c4bfc2048b6374c49527710103d11f7 3fa540a94dfc9a2d4e0faef17e3948df
install-size = 3847575 3738315
download = 61ccf0b14594d87ca7d5c7fe6a81dbc2 168a0a82e5dbc574c5eb21784c540433
download-size = 484522 446769
size = fd4912865e93239eed6ccfc890129d77 e8f5405caf9bebd5c09d5985868b9785
size-size = 305813 273050
encoding = 1ed9ee09aece210e98dd8769018c2dff bea6058a927e2a1cf24cd7cdf0dd6d3c
encoding-size = 1271587 1271761
build-name = 14.0.0.118318.m14.1.43e437574a.Filtered
build-product = Gryphon
build-uid = gryphon
build-token = d2872584-124b-faaf-a74f-6ee437932dcc
build-data-compatibility-hash = 4acbbe3dfb8d99941cc995f3d755fe1c
build-data-content-hash = afb5ce9a4b9783f43a8e1dc330635e2b
build-full-version = 14.0.0.118318.m14.1.43e437574a
build-version = 14.0.0.118318
build-git-branch = m14.1
build-git-commit-hash = 43e437574aaba0a0cc55f8339ffe7ccb4a32ee8a
vfs-root = 85dc2bdf1cec9d66302c8c8568fbc360 e52a742a1350666ad32daace4bfca2c1
vfs-root-size = 178 184
vfs-1 = 85dc2bdf1cec9d66302c8c8568fbc360 e52a742a1350666ad32daace4bfca2c1
vfs-1-size = 178 184
vfs-2 = 91ad7a5f3a8250b9517484ea8a3e1e41 2fe17834b31d48489727f5bef2bb8cdf
vfs-2-size = 410 378
vfs-3 = de24813d89f9386d002f9d5e2ecb82da f4560d96ca03020510f230ab40b4af77
vfs-3-size = 189473 113052
vfs-4 = 443e3d4084aa9c974f6a6aace0308f24 0649cbd69fe9106cc118f201d6e7483b
vfs-4-size = 103178 61606
vfs-5 = 922a786174fc22949fd44f43f80d4c9e 65b1a74f35ad1451dd7c4d1b4ccf66bf
vfs-5-size = 103661 61858
vfs-6 = 81e1a9fe8b164a1a014f2dbf3045111d 1da09d92d40da5f5dba0676ecaffb91b
vfs-6-size = 104309 62342
vfs-7 = 20047dbf6ec1bb482b8b45c7a7ced813 4d0d9aaca3acb8be420f39f490245b95
vfs-7-size = 104284 62216
vfs-8 = 7e9cad8d1f52de36d8226a0d26ef368b 773670c4ed4376114385b44f40d2213c
vfs-8-size = 104200 62226
vfs-9 = 099a73bc42c593538524bc3d5233d1c9 5abdc774b42e8cfc3c3f11e0e91db803
vfs-9-size = 134540 73469
vfs-10 = 6d808391c9df40c99ca9f4f67a988cea 895f6db748c783ab42a6922d41a562e4
vfs-10-size = 5026 3439
vfs-11 = d8ab7ea9b37002128b896a7ddc40cdce bf625e467899dfc5c5a7c06868c2fb6d
vfs-11-size = 168789 94052
vfs-12 = 1ea32018ba205f130297d12614817d3b dca512b1411885cadcc43089f2737d45
vfs-12-size = 343412 203019
vfs-13 = 6a38c18394c2e8b7b12839e50a6f68e6 44c6fd8eace7eaa1a9d3c4922c48b006
vfs-13-size = 120711 71951
vfs-14 = f0995293d9d6541b060a58ecad343a62 b8f7b521735fe5054bcf2b8742d8d2e9
vfs-14-size = 121876 72670
vfs-15 = edebda499db7e1198b561134efefd0a3 09c9489d2dfda260306d09290beea51a
vfs-15-size = 121821 72589
vfs-16 = fbc29ad86e90d1b341b6cf4419bab4ec eded7ba6c006a8907e814dc5afcc6b57
vfs-16-size = 121878 72587
vfs-17 = bd81a2231271d71a3d49e63185c5075c e2e78323d4bab494e90107d6db58e7f1
vfs-17-size = 410 376
vfs-18 = 51f43f3fd1c6634ac96f54fdadd12cc4 d3763a0b7a0b62db4465b09af2b17f1c
vfs-18-size = 189473 113045
vfs-19 = 443e3d4084aa9c974f6a6aace0308f24 0649cbd69fe9106cc118f201d6e7483b
vfs-19-size = 103178 61606
vfs-20 = 922a786174fc22949fd44f43f80d4c9e 65b1a74f35ad1451dd7c4d1b4ccf66bf
vfs-20-size = 103661 61858
vfs-21 = 81e1a9fe8b164a1a014f2dbf3045111d 1da09d92d40da5f5dba0676ecaffb91b
vfs-21-size = 104309 62342
vfs-22 = 20047dbf6ec1bb482b8b45c7a7ced813 4d0d9aaca3acb8be420f39f490245b95
vfs-22-size = 104284 62216
vfs-23 = 7e9cad8d1f52de36d8226a0d26ef368b 773670c4ed4376114385b44f40d2213c
vfs-23-size = 104200 62226
vfs-24 = 764285ee9e2518051843ee532d226dfc 0bf284ff5813e180ff7fe210cdc24cf6
vfs-24-size = 134540 73516
vfs-25 = 6d808391c9df40c99ca9f4f67a988cea 895f6db748c783ab42a6922d41a562e4
vfs-25-size = 5026 3439

