# Build Configuration

root = 70a30737ae4138f888ee25d29b27bf2f
install = b5f2cc95f1ede95304a09d90fb5281d3 6a172e84795c38185431c437aa6dee19
install-size = 3807463 3699393
download = ac158e4b7a56c2d7b7e9e2f38971b606 7901f31b37b295626693d74d21b6f51a
download-size = 473212 436428
size = 32e6a0f183302ebfc120472e66734ade cea929de48229319b41c5e38bdf9be09
size-size = 298679 266519
encoding = 32c198690605576b00d15dd9db651f24 579ce7ef4939289e25f11dd4787916d5
encoding-size = 1246819 1246993
build-name = 13.0.0.116149.dp-dungeon-towers.dbfa1d5a03.Filtered
build-product = Gryphon
build-uid = gryphon
build-token = 97bf2c68-bdad-7716-2c5f-4428320806cd
build-data-compatibility-hash = 743c30d248351619a935ed9775bfe030
build-data-content-hash = 90f9caac2cb60dd4479aa9c1d6a4d98c
build-full-version = 13.0.0.116149.dp-dungeon-towers.dbfa1d5a03
build-version = 13.0.0.116149
build-git-branch = dp-dungeon-towers
build-git-commit-hash = dbfa1d5a0373ad944911748eda3cc2b5ad62efbc
vfs-root = 154ca5c85975b83bd268e210b373e6c2 899d00538ea15699fdd0376ef5dd2448
vfs-root-size = 178 181
vfs-1 = 154ca5c85975b83bd268e210b373e6c2 899d00538ea15699fdd0376ef5dd2448
vfs-1-size = 178 181
vfs-2 = 6503698cbf7327291b9aa4591d8ee40e ad6e61abde8234d2bd79fcb80b6bb352
vfs-2-size = 410 375
vfs-3 = 8618352f21cc8137eb7c66cc8f4b2fe9 08584b191337a08cfc3aa1db8bd69616
vfs-3-size = 189473 113065
vfs-4 = 824f6542def445a14f4f5cf3d70d5ab1 451b43c6cb7eee3342790a381e322455
vfs-4-size = 102842 61433
vfs-5 = 29e30b8fb07a965cf7eea1c8028f9867 6f0636551223743f05c601df9d8778d8
vfs-5-size = 103325 61675
vfs-6 = 70ff00a589ce2292e57f95d0a3624bb9 9001a41fe9f7a0560d8da79c13c37635
vfs-6-size = 103973 62109
vfs-7 = dbc299739a10f87c31945c1e5c31fb51 7f5f06573d31bd392023b7523353f446
vfs-7-size = 103948 62029
vfs-8 = 9f9beb9155315f08e8f99acc9ba33e1b cd6a9d1114c44561f1b17c2c44021187
vfs-8-size = 103864 62025
vfs-9 = 2acfbbd654a36433821f92c2d0a85a69 1732a5e1efbf30639909a03ebbd7f017
vfs-9-size = 125074 68680
vfs-10 = eac6b830d6820da9bd189e3fa4e64abc c83fdba0a6d26f513d58ae56a9a63be2
vfs-10-size = 4977 3410
vfs-11 = 5afb036c7acecc352564f89c66c49888 a98e40fd58877e5deda12c8689280dc1
vfs-11-size = 163247 91110
vfs-12 = 810806351b3d4acfbcedad9d0f912cb6 3b6756bcadead451dce6f4a6eb0dbe10
vfs-12-size = 343073 202862
vfs-13 = dcbb625b0f009e6ecbcdaedf025fd51d 8219a6f1aa9dfa6a405521b6388cfd08
vfs-13-size = 120375 71746
vfs-14 = d9d1f16f60eda39879a648f33e771dee 73a7b085efa28f36ee54b0ed6a85a980
vfs-14-size = 121540 72467
vfs-15 = 9e3259cfbf0429987ed85ec190c7bf4d f085853f12ec42ebc280c45ce5d395d4
vfs-15-size = 121497 72401
vfs-16 = 5998b0c1e237ae030a8d087077d1c5bc f134865ddd99f438c57e993f90a67605
vfs-16-size = 121542 72396
vfs-17 = a3bfb09a9a7f0ad74ceb34ac2e991424 e3acb2e200641e940f02b6c06d30d289
vfs-17-size = 410 375
vfs-18 = 48ef591f6cef135a57cef0472f40625d 2e1d3d4928c4196f89260ca7af9a94be
vfs-18-size = 189473 113062
vfs-19 = 824f6542def445a14f4f5cf3d70d5ab1 451b43c6cb7eee3342790a381e322455
vfs-19-size = 102842 61433
vfs-20 = 29e30b8fb07a965cf7eea1c8028f9867 6f0636551223743f05c601df9d8778d8
vfs-20-size = 103325 61675
vfs-21 = 70ff00a589ce2292e57f95d0a3624bb9 9001a41fe9f7a0560d8da79c13c37635
vfs-21-size = 103973 62109
vfs-22 = dbc299739a10f87c31945c1e5c31fb51 7f5f06573d31bd392023b7523353f446
vfs-22-size = 103948 62029
vfs-23 = 9f9beb9155315f08e8f99acc9ba33e1b cd6a9d1114c44561f1b17c2c44021187
vfs-23-size = 103864 62025
vfs-24 = 560a96e785b743d1324b6598e18766f6 1e70610239e995834d7a759e1310c401
vfs-24-size = 125074 68714
vfs-25 = eac6b830d6820da9bd189e3fa4e64abc c83fdba0a6d26f513d58ae56a9a63be2
vfs-25-size = 4977 3410

