# Build Configuration

root = a175811fdefb73823f55eb3cc1db02ec
install = 2291f8c35fc0998e61d868b222b9cabc 0cbc37351d5a4286b288810cc76d0559
install-size = 1857554 1780911
download = 13e4762b89c8faeaba35bb30f74564c7 b3b829cc58932eea81a836e5d47fd1a0
download-size = 364380 334103
size = dd7506a944995149826a99dba09c48f3 5c071bf667d55f9e7bd06db54ffb97e4
size-size = 230716 205160
encoding = 9c2af618784703ba9eaa9a9ace7c8b66 4e0e18bf9012a177f20f85bd8f74a385
encoding-size = 953730 953899
build-name = 10.0.0.109414.dp-sylv-combo.6724afbd4e.Filtered
build-product = Gryphon
build-uid = gryphon
build-token = 42950349-96ad-a316-45f8-d542c146724b
build-data-compatibility-hash = 3a89bd058ea34cb8bfc001fbb30b49bc
build-data-content-hash = c14e7c5bc9ba0a5ec5960e023e510bcf
build-full-version = 10.0.0.109414.dp-sylv-combo.6724afbd4e
build-version = 10.0.0.109414
build-git-branch = dp-sylv-combo
build-git-commit-hash = 6724afbd4e681b551dfd89a8029089b80ce55294
vfs-root = 35d40fd3d07bc20a7d3964d3ed905934 3f7b90d78144ed7a61c42fe69cbfcb08
vfs-root-size = 139 154
vfs-1 = 35d40fd3d07bc20a7d3964d3ed905934 3f7b90d78144ed7a61c42fe69cbfcb08
vfs-1-size = 139 154
vfs-2 = 44209800006f29dddb7c650630e19aab 9cbb2e90bc1929c019f21387d7c3e0dd
vfs-2-size = 148688 80400
vfs-3 = 1cf83721f3e48c588ff84afe42c7ef1a 818c408d84a5a73cad25ce2528bbfd40
vfs-3-size = 224314 134025
vfs-4 = 310a00180ef48fde3abe13e0f196aa7c 5b4626827a461b02725c75e29b8eaeca
vfs-4-size = 118317 70460
vfs-5 = bebaae972b9aba967a727fe6d0274631 305cc9a0abab104e33ea0d366f17da10
vfs-5-size = 119564 71278
vfs-6 = a9edf10f6700e417d54ceec933fa6792 6f27ecfa1bf7d2afa2bcf04eac853f35
vfs-6-size = 120724 71988
vfs-7 = f733b5a0017e199127d65e5bd3ae6f49 9913976efa01f8935f31892ce3e5475a
vfs-7-size = 120670 71938
vfs-8 = 4caf286ffd4dba3fcdf2cd983a3463ef 8253776f160be33640b9892d93223f6c
vfs-8-size = 120728 71923
vfs-9 = 5736a5f2d7155bd90948e8485964f9a3 b190a0b20ce6c87699f60ba9d589d662
vfs-9-size = 4459 3080
vfs-10 = 48367e24f6087da140cbd0111fd89926 c766a95d24e816574738cad2ea4f2ca5
vfs-10-size = 148688 80378
vfs-11 = 3df7722cbc03dc8d1288cde4aeab92e9 4f65216edc1e292f889ceb65889224fc
vfs-11-size = 224096 133888
vfs-12 = 310a00180ef48fde3abe13e0f196aa7c 5b4626827a461b02725c75e29b8eaeca
vfs-12-size = 118317 70460
vfs-13 = bebaae972b9aba967a727fe6d0274631 305cc9a0abab104e33ea0d366f17da10
vfs-13-size = 119564 71278
vfs-14 = a9edf10f6700e417d54ceec933fa6792 6f27ecfa1bf7d2afa2bcf04eac853f35
vfs-14-size = 120724 71988
vfs-15 = f733b5a0017e199127d65e5bd3ae6f49 9913976efa01f8935f31892ce3e5475a
vfs-15-size = 120670 71938
vfs-16 = 4caf286ffd4dba3fcdf2cd983a3463ef 8253776f160be33640b9892d93223f6c
vfs-16-size = 120728 71923
vfs-17 = 5736a5f2d7155bd90948e8485964f9a3 b190a0b20ce6c87699f60ba9d589d662
vfs-17-size = 4459 3080

