# Build Configuration

root = 2fed96dd0586f60ea87252de80c30c37
install = 1884c0698987f4fdb2c36b4c541805d1 8620b0c88743974d489f05fd1908be63
install-size = 3824960 3716698
download = 37e87547a34566ab734e4a19a3ca1f1b 2b091b04b0c974a16fcc425d2379f272
download-size = 479518 442308
size = 940b3e56c913fb7940b1d568bfcbe8b6 d992303fec04acd301222402675f3e41
size-size = 302654 270075
encoding = bfaf9be10086c1c4c26e4ab9a69e65d0 0d69fdcb5b3572cfa4bf04e46dda942a
encoding-size = 1259203 1259378
build-name = 15.1.0.118814.dp-s18-events.318ab6974b.Filtered
build-product = Gryphon
build-uid = gryphon
build-token = 9f2b9ac1-436f-93f0-eab0-5b001df4df59
build-data-compatibility-hash = 4e6e9bd333a67ad89b0e2235b537bb18
build-data-content-hash = 7a7a48052129b28f3cb6e703c43b58cc
build-full-version = 15.1.0.118814.dp-s18-events.318ab6974b
build-version = 15.1.0.118814
build-git-branch = dp-s18-events
build-git-commit-hash = 318ab6974b71b4b5f4ce8a5d06a150104f120898
feature-placeholder = true
vfs-root = 083141fc145bd288c1909ac1d067b301 b7f874f8e9aeb395f4d69e104cecc48f
vfs-root-size = 178 182
vfs-1 = 083141fc145bd288c1909ac1d067b301 b7f874f8e9aeb395f4d69e104cecc48f
vfs-1-size = 178 182
vfs-2 = 4610ca77622621d45dc71b619fb14c7f fe5921c6cdf0d8c74eb96146b9228f93
vfs-2-size = 410 376
vfs-3 = db3488aabeb8c6a362e2f5e75ffa0758 c8a11f55d3037a1d14689e41bed85fb5
vfs-3-size = 189473 113052
vfs-4 = fd137fbb5d0d97f87b93a47bba69c765 5640cde3da1b3f995e244abb3cdcb671
vfs-4-size = 102163 61036
vfs-5 = e2ec7a8bc7c77d2a7eb4c8b0e9b1fd9e d1c1b4f8200f0647d588608f1b019fb9
vfs-5-size = 102663 61300
vfs-6 = 94472cce9c157eda90541f7770cb63af c5282a2f50b02c4da308fa50fc0cc8c4
vfs-6-size = 103604 61915
vfs-7 = 28eb3fc60a428bab79790defd5fc6a06 b7231a878f1cfdbc8ff4eee935000ed7
vfs-7-size = 103591 61878
vfs-8 = 5e65fe9030473a06ad780aa2351410fc cc1c9464c5349f5d49098df326f06936
vfs-8-size = 103514 61852
vfs-9 = f0c5a2580fd9e55f9115a7b55e5c2897 0fe25223d2d2a70313b0b2d56fee9a2f
vfs-9-size = 127550 70251
vfs-10 = 6d808391c9df40c99ca9f4f67a988cea 895f6db748c783ab42a6922d41a562e4
vfs-10-size = 5026 3439
vfs-11 = e874e3b479292686da0bfe682187b1a0 b54b1d56ad0bfb50d94fcb77e99eec98
vfs-11-size = 170214 94957
vfs-12 = f66b7590693c3f087d4e77c0742be4fa 8794682eb2868fcf0a316b46c9a86907
vfs-12-size = 343412 203015
vfs-13 = 6a38c18394c2e8b7b12839e50a6f68e6 44c6fd8eace7eaa1a9d3c4922c48b006
vfs-13-size = 120711 71951
vfs-14 = c973b584f6d2c622f0f10bd7d199891c 9e10d3b19f335010b55d791fafbf36f7
vfs-14-size = 122157 72806
vfs-15 = 02e5cc19c5f09c35684003a429b0cd76 3b6f5ebb77af75ab56e620289eb14aba
vfs-15-size = 122104 72779
vfs-16 = a0673cc9406bf6d021b512032dbef6f7 55376c2aa1745260fe2f1a12bba2db83
vfs-16-size = 122153 72732
vfs-17 = 464cf69a244a915eb536ea02d27b87ee e7e8309ccf66c431bb548d400caa8b94
vfs-17-size = 410 376
vfs-18 = fc1b1f50c6c7cf1c98b6db65b30e10ff 018ec0927adfb1af3581cffe9c83892c
vfs-18-size = 189473 113043
vfs-19 = fd137fbb5d0d97f87b93a47bba69c765 5640cde3da1b3f995e244abb3cdcb671
vfs-19-size = 102163 61036
vfs-20 = e2ec7a8bc7c77d2a7eb4c8b0e9b1fd9e d1c1b4f8200f0647d588608f1b019fb9
vfs-20-size = 102663 61300
vfs-21 = 94472cce9c157eda90541f7770cb63af c5282a2f50b02c4da308fa50fc0cc8c4
vfs-21-size = 103604 61915
vfs-22 = 28eb3fc60a428bab79790defd5fc6a06 b7231a878f1cfdbc8ff4eee935000ed7
vfs-22-size = 103591 61878
vfs-23 = 5e65fe9030473a06ad780aa2351410fc cc1c9464c5349f5d49098df326f06936
vfs-23-size = 103514 61852
vfs-24 = 1bf53880a1b3114e1828628c739ae1ba 3883e6ec59111b856b176b693095e53b
vfs-24-size = 127385 70176
vfs-25 = 6d808391c9df40c99ca9f4f67a988cea 895f6db748c783ab42a6922d41a562e4
vfs-25-size = 5026 3439

