# Build Configuration

root = ae84a2993c058ef8e998517b5f381ada
install = 9a889f7ec54af748b1c6a9a0f9583d99 7f435687bbf1924bf02edde002605c2b
install-size = 4097150 3974328
download = 4215ef7f5b671035139e79c02b90a962 638a3cd131a179c021d91565c0f2bf00
download-size = 491024 451558
size = aaf23d84f7547727fa0db65e74b28852 fbc273f4edd64aec7222c6e2e523d706
size-size = 310839 277650
encoding = 2c0e15263e6ef88243b54b0d24349ca6 18aaf64522d169fb36428ef6152be842
encoding-size = 1283971 1284145
build-name = 11.0.0.112017.dp-winds.271834d0ee.Filtered
build-product = Gryphon
build-uid = gryphon
build-token = e1722a8a-85d1-3c4a-539d-843ec1aeb743
build-data-compatibility-hash = f8326c6d188fd34c0f907a7161778947
build-data-content-hash = 1d0088a1bf6cb821a1629bd75ec34b89
build-full-version = 11.0.0.112017.dp-winds.271834d0ee
build-version = 11.0.0.112017
build-git-branch = dp-winds
build-git-commit-hash = 271834d0ee0208ad84dbc34a1ae7ef516cdbe7c3
vfs-root = 51413db84dce902f4a0e6693577255eb 0a9f33c4e6aacdcdc9600ff7a1b45525
vfs-root-size = 178 184
vfs-1 = 51413db84dce902f4a0e6693577255eb 0a9f33c4e6aacdcdc9600ff7a1b45525
vfs-1-size = 178 184
vfs-2 = 9fb9330013779593593c8f16efffb1d4 b8585f786a8ab4b542c9e100b6070799
vfs-2-size = 410 377
vfs-3 = ff858d212368bbc9724fe946a59389b2 dbf45638b44c965f10d34ab570d2ab61
vfs-3-size = 224096 133877
vfs-4 = 310a00180ef48fde3abe13e0f196aa7c 5b4626827a461b02725c75e29b8eaeca
vfs-4-size = 118317 70460
vfs-5 = bebaae972b9aba967a727fe6d0274631 305cc9a0abab104e33ea0d366f17da10
vfs-5-size = 119564 71278
vfs-6 = a9edf10f6700e417d54ceec933fa6792 6f27ecfa1bf7d2afa2bcf04eac853f35
vfs-6-size = 120724 71988
vfs-7 = f733b5a0017e199127d65e5bd3ae6f49 9913976efa01f8935f31892ce3e5475a
vfs-7-size = 120670 71938
vfs-8 = 4caf286ffd4dba3fcdf2cd983a3463ef 8253776f160be33640b9892d93223f6c
vfs-8-size = 120728 71923
vfs-9 = 79a80311bb0bf6df6008f0555522abec 9a93c2fdb03ddf93ad4d9af6b3d81dd0
vfs-9-size = 143521 78257
vfs-10 = 89609d0119c7ceaa621827a4254eeae2 0c18f4ee4570e8ad83c9059fbd66ffe3
vfs-10-size = 4825 3312
vfs-11 = f6941f8806dbff71b9f0443b66d2fc37 aecd3030c86c4f7bac1e2868d6a51f34
vfs-11-size = 156342 87206
vfs-12 = 60327c8e75649e6cea1c3e827c505a4f 5521f6fc335cf72808524a434326f9a4
vfs-12-size = 342260 202387
vfs-13 = 7bbc6d1381ea8496a8138ca16d5ad923 af18e7f9b8ff7c7aa788c3ef7630b64d
vfs-13-size = 119564 71290
vfs-14 = 708a3606025213ca59e928ab1d5253ed 0d6877879ce27ba75794ca06bb9fc91d
vfs-14-size = 120724 72000
vfs-15 = c23bb03ed8697a2ac1330c94fcdb2271 a90a6c8610122267ea1507372dee9f5a
vfs-15-size = 120670 71957
vfs-16 = ccac9edccf00f1cc0c5565f5f8a5a8fb fa34ed021cdfd28a0b8aa0d724b6124e
vfs-16-size = 120728 71931
vfs-17 = 6d8efd49f5a4220edcd6b83c9ab289c7 40fbd713e96772bc1445ddff0108a5ba
vfs-17-size = 410 378
vfs-18 = 3df7722cbc03dc8d1288cde4aeab92e9 4f65216edc1e292f889ceb65889224fc
vfs-18-size = 224096 133888
vfs-19 = 310a00180ef48fde3abe13e0f196aa7c 5b4626827a461b02725c75e29b8eaeca
vfs-19-size = 118317 70460
vfs-20 = bebaae972b9aba967a727fe6d0274631 305cc9a0abab104e33ea0d366f17da10
vfs-20-size = 119564 71278
vfs-21 = a9edf10f6700e417d54ceec933fa6792 6f27ecfa1bf7d2afa2bcf04eac853f35
vfs-21-size = 120724 71988
vfs-22 = f733b5a0017e199127d65e5bd3ae6f49 9913976efa01f8935f31892ce3e5475a
vfs-22-size = 120670 71938
vfs-23 = 4caf286ffd4dba3fcdf2cd983a3463ef 8253776f160be33640b9892d93223f6c
vfs-23-size = 120728 71923
vfs-24 = d0ac639e5090988b8ae5a314b9c8f9e0 3ac8f7d59743d17e365b18bc71e82171
vfs-24-size = 143521 78306
vfs-25 = 89609d0119c7ceaa621827a4254eeae2 0c18f4ee4570e8ad83c9059fbd66ffe3
vfs-25-size = 4825 3312

