# Build Configuration

root = 2247dc99f70c0d5ce423271ada1df233
install = 2b7e467c5f2d677dda44800945a98429 ffc01fa64726d7b696de52505683d011
install-size = 3812016 3703198
download = 9cc8236a473b593ef78d9513e21590bf 2dfa7162dbe8b6333475d216eacbb4ba
download-size = 475033 438097
size = 99811341ba1be0c78cf93e5a51fbdcca b47be67b77185c83ed6bea602c54a561
size-size = 299825 267547
encoding = ead7a08a764353b47522bab2e812e536 f3fd209fc4402cd4eb371f1a4fc712fc
encoding-size = 1250947 1251122
build-name = 13.0.0.116556.dp-may5-hotfix.bf9eea2f36.Filtered
build-product = Gryphon
build-uid = gryphon
build-token = 4867a468-febb-19da-d986-8df2eefef518
build-data-compatibility-hash = 15c341b7f45cc0019c68fc837adca54f
build-data-content-hash = 5d7b39fae4574344dc7f47d2671265a5
build-full-version = 13.0.0.116556.dp-may5-hotfix.bf9eea2f36
build-version = 13.0.0.116556
build-git-branch = dp-may5-hotfix
build-git-commit-hash = bf9eea2f36e1b67bbcc03434a44e20749c2c5b3c
vfs-root = 25aecbb4422521eb206140c59f368681 cf28bd30b7696d68c90908d6091f45b1
vfs-root-size = 178 181
vfs-1 = 25aecbb4422521eb206140c59f368681 cf28bd30b7696d68c90908d6091f45b1
vfs-1-size = 178 181
vfs-2 = 0f0c5c83b805a3b820e5ffa7881aaa93 4198505e7d7ff275db1c2c0c4fc51582
vfs-2-size = 410 375
vfs-3 = 8618352f21cc8137eb7c66cc8f4b2fe9 08584b191337a08cfc3aa1db8bd69616
vfs-3-size = 189473 113065
vfs-4 = 824f6542def445a14f4f5cf3d70d5ab1 451b43c6cb7eee3342790a381e322455
vfs-4-size = 102842 61433
vfs-5 = 29e30b8fb07a965cf7eea1c8028f9867 6f0636551223743f05c601df9d8778d8
vfs-5-size = 103325 61675
vfs-6 = 70ff00a589ce2292e57f95d0a3624bb9 9001a41fe9f7a0560d8da79c13c37635
vfs-6-size = 103973 62109
vfs-7 = dbc299739a10f87c31945c1e5c31fb51 7f5f06573d31bd392023b7523353f446
vfs-7-size = 103948 62029
vfs-8 = 9f9beb9155315f08e8f99acc9ba33e1b cd6a9d1114c44561f1b17c2c44021187
vfs-8-size = 103864 62025
vfs-9 = 415f07e61f9c0d9162e8bd88da950629 012c93a5397df9ad37a7ebdae8647b58
vfs-9-size = 127013 69637
vfs-10 = eac6b830d6820da9bd189e3fa4e64abc c83fdba0a6d26f513d58ae56a9a63be2
vfs-10-size = 4977 3410
vfs-11 = 3fbffcd21d831098de968ee6335022c1 f5a337cf8ceeea09d651533d2651485e
vfs-11-size = 163295 91095
vfs-12 = 55a3563da8252c7a4248986123aa0ea2 2e918e0f0dc55ab966dadb9943c8a9f3
vfs-12-size = 343073 202857
vfs-13 = dcbb625b0f009e6ecbcdaedf025fd51d 8219a6f1aa9dfa6a405521b6388cfd08
vfs-13-size = 120375 71746
vfs-14 = d9d1f16f60eda39879a648f33e771dee 73a7b085efa28f36ee54b0ed6a85a980
vfs-14-size = 121540 72467
vfs-15 = 9e3259cfbf0429987ed85ec190c7bf4d f085853f12ec42ebc280c45ce5d395d4
vfs-15-size = 121497 72401
vfs-16 = 5998b0c1e237ae030a8d087077d1c5bc f134865ddd99f438c57e993f90a67605
vfs-16-size = 121542 72396
vfs-17 = e04f2d655ad7ddf489830b75864d8372 582c32f5b32757d6606f9843605ad009
vfs-17-size = 410 375
vfs-18 = 48ef591f6cef135a57cef0472f40625d 2e1d3d4928c4196f89260ca7af9a94be
vfs-18-size = 189473 113062
vfs-19 = 824f6542def445a14f4f5cf3d70d5ab1 451b43c6cb7eee3342790a381e322455
vfs-19-size = 102842 61433
vfs-20 = 29e30b8fb07a965cf7eea1c8028f9867 6f0636551223743f05c601df9d8778d8
vfs-20-size = 103325 61675
vfs-21 = 70ff00a589ce2292e57f95d0a3624bb9 9001a41fe9f7a0560d8da79c13c37635
vfs-21-size = 103973 62109
vfs-22 = dbc299739a10f87c31945c1e5c31fb51 7f5f06573d31bd392023b7523353f446
vfs-22-size = 103948 62029
vfs-23 = 9f9beb9155315f08e8f99acc9ba33e1b cd6a9d1114c44561f1b17c2c44021187
vfs-23-size = 103864 62025
vfs-24 = c241b0e32400d3efbfedcf8ded1b1452 f3226b737b9ab518b2ebf610e3c7744f
vfs-24-size = 127013 69686
vfs-25 = eac6b830d6820da9bd189e3fa4e64abc c83fdba0a6d26f513d58ae56a9a63be2
vfs-25-size = 4977 3410

