# Build Configuration

root = 507b80b0f9d898949922a91bdd1fe05d
install = 3304e45af21ad8b8f7cadb4d381749d1 2409cf3db967f7796d3646cfee9be22e
install-size = 3811919 3703503
download = df600b9e0a846a23c1dd599b2d8dea9c 8397176752c5c8017dead4f9a76c2396
download-size = 475294 438382
size = 83b97a8b97aa1c57d3a62c36345e8315 78e3243fe5113c85d3eea63b7ba63b3e
size-size = 299987 267811
encoding = 9e8366db919c008c50c37540d56d6cf9 66f62529309a12cd5b800fb5a11e4aa9
encoding-size = 1250947 1251122
build-name = 12.0.0.115314.dp-arthas-hotfix.a08882e941.Filtered
build-product = Gryphon
build-uid = gryphon
build-token = e74bc46b-b0ab-8645-ed8f-c5dee189628c
build-data-compatibility-hash = 134240dbf25a264d8aac618a9c67cf77
build-data-content-hash = a878bf34a6a09916eb096abb741050c2
build-full-version = 12.0.0.115314.dp-arthas-hotfix.a08882e941
build-version = 12.0.0.115314
build-git-branch = dp-arthas-hotfix
build-git-commit-hash = a08882e9411b081804800095a323841db84faaef
vfs-root = a1a93963ab238b7ef05844addb3aa07d 0cda048adfe7ef93cb5d2c56d342fdf5
vfs-root-size = 178 184
vfs-1 = a1a93963ab238b7ef05844addb3aa07d 0cda048adfe7ef93cb5d2c56d342fdf5
vfs-1-size = 178 184
vfs-2 = 3427277359e86838956bbf9f694b8283 b2caeb6926d74ac4fc102191f2915d40
vfs-2-size = 410 375
vfs-3 = 8618352f21cc8137eb7c66cc8f4b2fe9 08584b191337a08cfc3aa1db8bd69616
vfs-3-size = 189473 113065
vfs-4 = 824f6542def445a14f4f5cf3d70d5ab1 451b43c6cb7eee3342790a381e322455
vfs-4-size = 102842 61433
vfs-5 = 29e30b8fb07a965cf7eea1c8028f9867 6f0636551223743f05c601df9d8778d8
vfs-5-size = 103325 61675
vfs-6 = 70ff00a589ce2292e57f95d0a3624bb9 9001a41fe9f7a0560d8da79c13c37635
vfs-6-size = 103973 62109
vfs-7 = dbc299739a10f87c31945c1e5c31fb51 7f5f06573d31bd392023b7523353f446
vfs-7-size = 103948 62029
vfs-8 = 9f9beb9155315f08e8f99acc9ba33e1b cd6a9d1114c44561f1b17c2c44021187
vfs-8-size = 103864 62025
vfs-9 = 8b31d849758cf1cc78414f9a252e939b a5a86f2727fc295bb5602fea302c8f26
vfs-9-size = 127671 70037
vfs-10 = eac6b830d6820da9bd189e3fa4e64abc c83fdba0a6d26f513d58ae56a9a63be2
vfs-10-size = 4977 3410
vfs-11 = 9e739234e480b58a1841c5d92cf48bd4 1582583af9d3e2b161b4a17bbe07ad77
vfs-11-size = 162461 90706
vfs-12 = 810806351b3d4acfbcedad9d0f912cb6 3b6756bcadead451dce6f4a6eb0dbe10
vfs-12-size = 343073 202862
vfs-13 = dcbb625b0f009e6ecbcdaedf025fd51d 8219a6f1aa9dfa6a405521b6388cfd08
vfs-13-size = 120375 71746
vfs-14 = d9d1f16f60eda39879a648f33e771dee 73a7b085efa28f36ee54b0ed6a85a980
vfs-14-size = 121540 72467
vfs-15 = 9e3259cfbf0429987ed85ec190c7bf4d f085853f12ec42ebc280c45ce5d395d4
vfs-15-size = 121497 72401
vfs-16 = 5998b0c1e237ae030a8d087077d1c5bc f134865ddd99f438c57e993f90a67605
vfs-16-size = 121542 72396
vfs-17 = 5fa770e7d863ae0e19f6cfb06d7a0798 fd02f6681d0e2eada2a8c54476c49843
vfs-17-size = 410 376
vfs-18 = 48ef591f6cef135a57cef0472f40625d 2e1d3d4928c4196f89260ca7af9a94be
vfs-18-size = 189473 113062
vfs-19 = 824f6542def445a14f4f5cf3d70d5ab1 451b43c6cb7eee3342790a381e322455
vfs-19-size = 102842 61433
vfs-20 = 29e30b8fb07a965cf7eea1c8028f9867 6f0636551223743f05c601df9d8778d8
vfs-20-size = 103325 61675
vfs-21 = 70ff00a589ce2292e57f95d0a3624bb9 9001a41fe9f7a0560d8da79c13c37635
vfs-21-size = 103973 62109
vfs-22 = dbc299739a10f87c31945c1e5c31fb51 7f5f06573d31bd392023b7523353f446
vfs-22-size = 103948 62029
vfs-23 = 9f9beb9155315f08e8f99acc9ba33e1b cd6a9d1114c44561f1b17c2c44021187
vfs-23-size = 103864 62025
vfs-24 = 57eac11a5abd54ffaee42ee6a7ff9859 30260774069ebb75c9f8fca97e056ca8
vfs-24-size = 127671 70078
vfs-25 = eac6b830d6820da9bd189e3fa4e64abc c83fdba0a6d26f513d58ae56a9a63be2
vfs-25-size = 4977 3410

