# Build Configuration

root = 7383dbc26ccfe9a24eab217cf3a05633
install = 37705d26a0717b13ac4aa26d7172de85 f252f99ea9e79670e2d671b12040ad43
install-size = 1827684 1745356
download = 7a9a1904e23674e50d568f23537632c1 db53e58518dfa1627d2ffd1fcf8d7db8
download-size = 353230 320934
size = 3a366ae344b39b5304d64ac2d60ff187 08e24d8848a254a097777144d5cfd5bb
size-size = 223661 196206
encoding = dc4c8097075cd0ec7e1c590db6070ccc c5f32e5dad4410849f0d0078a5869c44
encoding-size = 924834 925005
patch-index = 8103587333815aa468577a8e7b04347b 8865698cb8c03f1ed67036da927b25f1
patch-index-size = 67696 52370
patch = 6e77d08b415503934149bc5195ea0edd
patch-size = 61125
patch-config = c85cc36505397f14196b8881b40c0dde
build-name = 8.0.0.102983.m8-season8.923dcde1c3.Filtered
build-product = Gryphon
build-uid = gryphon
build-token = 356c0ae8-d576-23f0-052a-1ca53b700a85
build-data-compatibility-hash = 238d4954c4cdde680f937c56f656c152
build-data-content-hash = 8925b215f0fbd66fe3f8cd8812310680
build-full-version = 8.0.0.102983.m8-season8.923dcde1c3
build-version = 8.0.0.102983
build-git-branch = m8-season8
build-git-commit-hash = 923dcde1c3d222cb0e5712eb54b625c1ecf7b98f
vfs-root = 23a99296aba5d7bc08f8abafa8518ab1 ad912e1e71fbb359b1bbfe0875ae730e
vfs-root-size = 173 193
vfs-1 = 23a99296aba5d7bc08f8abafa8518ab1 ad912e1e71fbb359b1bbfe0875ae730e
vfs-1-size = 173 193
vfs-2 = 3bab17d08ca0366da525e9161941fa74 3770a28cc0be15756cce6684f47b957b
vfs-2-size = 185659 120692
vfs-3 = d8f5ed31c92b1f064814e57be500ba73 8059081ae782e7ff63352621025cfddb
vfs-3-size = 302798 215017
vfs-4 = 66b931293add61e870b038ea1eea4208 7de524b6fd6a6ac082e849335b8df26c
vfs-4-size = 159967 112479
vfs-5 = 26273b0e748d00aabfb158e2ee67de53 3fc5d329d98b3ef3808cb72940f8258c
vfs-5-size = 161724 113816
vfs-6 = f34f345df6571dacb8cda9cc850a0245 75010eb895318548e3eaa9906acef4c5
vfs-6-size = 161774 113995
vfs-7 = b0e4e7ac6e4735515ac6c4a33a2916e4 b05f6de64ca0cf7ec797f7bb79d9f721
vfs-7-size = 161730 113893
vfs-8 = 5914d837cb21bdfe83161f7dee39f1e7 962528ba4e32c4bef6ba1f3943191400
vfs-8-size = 161766 113832
vfs-9 = 2ac81d891ac07164e882b7e4bcf4941d d5d1c2b60c61d191febe834769045a9b
vfs-9-size = 5705 4447
vfs-10 = 298395469f6dd01e2b8c9b401c317ba0 4e953439d1989baafb969ac3870829a2
vfs-10-size = 214927 147516
vfs-11 = 83d66caf9bf891916e0a90ad20c3dd1f 1b31aab80fdeed5302da091eeb0c169d
vfs-11-size = 302512 214765
vfs-12 = 66b931293add61e870b038ea1eea4208 7de524b6fd6a6ac082e849335b8df26c
vfs-12-size = 159967 112479
vfs-13 = 26273b0e748d00aabfb158e2ee67de53 3fc5d329d98b3ef3808cb72940f8258c
vfs-13-size = 161724 113816
vfs-14 = f34f345df6571dacb8cda9cc850a0245 75010eb895318548e3eaa9906acef4c5
vfs-14-size = 161774 113995
vfs-15 = b0e4e7ac6e4735515ac6c4a33a2916e4 b05f6de64ca0cf7ec797f7bb79d9f721
vfs-15-size = 161730 113893
vfs-16 = 5914d837cb21bdfe83161f7dee39f1e7 962528ba4e32c4bef6ba1f3943191400
vfs-16-size = 161766 113832
vfs-17 = 2ac81d891ac07164e882b7e4bcf4941d d5d1c2b60c61d191febe834769045a9b
vfs-17-size = 5705 4447

