# Build Configuration

root = 4ff271a33f5587380a97aea006e7fec5
install = 8e34adf2ac317f7b6871a295ba2a0fdb bd5fb050982c10cfa72c92838683193d
install-size = 4097398 3974604
download = 3e6eac7ca99afc20acc7e334994b5a03 13f27f7756b8ae0ee24380776f612119
download-size = 491046 451563
size = 68f35156b63f9f31e95edee4297c02a8 35c73d27bfd197f4d2a4da542b721853
size-size = 310852 277631
encoding = 8381e5a40081969ca1328d908c3f4fe3 b2cb24550ea1bf10e4e518ffd6505df6
encoding-size = 1283971 1284145
build-name = 11.1.0.112559.dp-winds2.25e909d41a.Filtered
build-product = Gryphon
build-uid = gryphon
build-token = c242f7b8-8fe3-77cc-7596-4bd55e9677a4
build-data-compatibility-hash = ddd42d3b4d3b8ef4b9d1655761f051c1
build-data-content-hash = 7f054ce1a0a81d36cfb4492b147b1b71
build-full-version = 11.1.0.112559.dp-winds2.25e909d41a
build-version = 11.1.0.112559
build-git-branch = dp-winds2
build-git-commit-hash = 25e909d41a5154f2fefdf3d38fc843873d4d8842
vfs-root = ac28ba3d9e1805f8fea18af4e826a270 49325cbdc68a6d2271ba29177f6649c7
vfs-root-size = 178 184
vfs-1 = ac28ba3d9e1805f8fea18af4e826a270 49325cbdc68a6d2271ba29177f6649c7
vfs-1-size = 178 184
vfs-2 = ae1bb64e772961f120d96223861bb798 e07b6b8c7c8276c447bbdb6e11e7fa9a
vfs-2-size = 410 377
vfs-3 = ff858d212368bbc9724fe946a59389b2 dbf45638b44c965f10d34ab570d2ab61
vfs-3-size = 224096 133877
vfs-4 = 310a00180ef48fde3abe13e0f196aa7c 5b4626827a461b02725c75e29b8eaeca
vfs-4-size = 118317 70460
vfs-5 = bebaae972b9aba967a727fe6d0274631 305cc9a0abab104e33ea0d366f17da10
vfs-5-size = 119564 71278
vfs-6 = a9edf10f6700e417d54ceec933fa6792 6f27ecfa1bf7d2afa2bcf04eac853f35
vfs-6-size = 120724 71988
vfs-7 = f733b5a0017e199127d65e5bd3ae6f49 9913976efa01f8935f31892ce3e5475a
vfs-7-size = 120670 71938
vfs-8 = 4caf286ffd4dba3fcdf2cd983a3463ef 8253776f160be33640b9892d93223f6c
vfs-8-size = 120728 71923
vfs-9 = d589b8677d9acee0853336fb5d232acf eaa87b015f118a10bdc13176f7450eae
vfs-9-size = 143545 78288
vfs-10 = 1878076287882c99bda32a209cf77fc8 faec85ec2b2e540c4306c45252f7f8fb
vfs-10-size = 4876 3346
vfs-11 = 45d419dec7917da8336e673b0d358f97 ddea1bdc637665fbd915f8e05656d7b0
vfs-11-size = 156417 87235
vfs-12 = 60327c8e75649e6cea1c3e827c505a4f 5521f6fc335cf72808524a434326f9a4
vfs-12-size = 342260 202387
vfs-13 = 7bbc6d1381ea8496a8138ca16d5ad923 af18e7f9b8ff7c7aa788c3ef7630b64d
vfs-13-size = 119564 71290
vfs-14 = 708a3606025213ca59e928ab1d5253ed 0d6877879ce27ba75794ca06bb9fc91d
vfs-14-size = 120724 72000
vfs-15 = c23bb03ed8697a2ac1330c94fcdb2271 a90a6c8610122267ea1507372dee9f5a
vfs-15-size = 120670 71957
vfs-16 = ccac9edccf00f1cc0c5565f5f8a5a8fb fa34ed021cdfd28a0b8aa0d724b6124e
vfs-16-size = 120728 71931
vfs-17 = dd07c64f60e4d2ca65581aabca8bd4d8 a642ebe1c12b8d2c6d22f47342ca82ea
vfs-17-size = 410 374
vfs-18 = 3df7722cbc03dc8d1288cde4aeab92e9 4f65216edc1e292f889ceb65889224fc
vfs-18-size = 224096 133888
vfs-19 = 310a00180ef48fde3abe13e0f196aa7c 5b4626827a461b02725c75e29b8eaeca
vfs-19-size = 118317 70460
vfs-20 = bebaae972b9aba967a727fe6d0274631 305cc9a0abab104e33ea0d366f17da10
vfs-20-size = 119564 71278
vfs-21 = a9edf10f6700e417d54ceec933fa6792 6f27ecfa1bf7d2afa2bcf04eac853f35
vfs-21-size = 120724 71988
vfs-22 = f733b5a0017e199127d65e5bd3ae6f49 9913976efa01f8935f31892ce3e5475a
vfs-22-size = 120670 71938
vfs-23 = 4caf286ffd4dba3fcdf2cd983a3463ef 8253776f160be33640b9892d93223f6c
vfs-23-size = 120728 71923
vfs-24 = ed00b2b80c1e2fe51aa95bff73f36f9b 161eba933ff61d070682de7edeab4cec
vfs-24-size = 143545 78340
vfs-25 = 1878076287882c99bda32a209cf77fc8 faec85ec2b2e540c4306c45252f7f8fb
vfs-25-size = 4876 3346

