# Build Configuration

root = 227827e8129d78019821982df6a74f31
install = 590dde1d45f23b91cd0bbdc448caa2ac e1ad5b1c5f71471a049a3b6389111196
install-size = 3826735 3718187
download = 2d9216fe9d9e6ce33be592dc17526fe3 54bcdc1d957b354654611379aec31fdc
download-size = 480103 442793
size = bc15e4bc07faa76d704d9eae8f42fab3 6064071c6e1442f18818b8c68da916b7
size-size = 303023 270378
encoding = 7fdf2a11cb0de1c6a8143f60e59be16d 1ecd86782068b48b709cc6186ff5fbfd
encoding-size = 1263331 1263505
build-name = 16.0.0.119281.dp-april-fix.ad79071343.Filtered
build-product = Gryphon
build-uid = gryphon
build-token = 1bed6811-bb00-0877-e900-f8ced107f809
build-data-compatibility-hash = e2692a3a27c274a31fc01e17d421ea98
build-data-content-hash = 0d0e0a371f81eb0ec93885d4bc91314b
build-full-version = 16.0.0.119281.dp-april-fix.ad79071343
build-version = 16.0.0.119281
build-git-branch = dp-april-fix
build-git-commit-hash = ad79071343b1e9eedd89509c92b301dd5d37c0a5
feature-placeholder = true
vfs-root = 6c89c5290b0e2a20d6ef4da61fe60c30 14acad4c4e16eeedae229b505d43087f
vfs-root-size = 178 183
vfs-1 = 6c89c5290b0e2a20d6ef4da61fe60c30 14acad4c4e16eeedae229b505d43087f
vfs-1-size = 178 183
vfs-2 = cf9deb1bd681bce6056866093c2c9b9e 34ea881c7f2ea3174a5fe4491cef8c67
vfs-2-size = 410 379
vfs-3 = db3488aabeb8c6a362e2f5e75ffa0758 c8a11f55d3037a1d14689e41bed85fb5
vfs-3-size = 189473 113052
vfs-4 = fd137fbb5d0d97f87b93a47bba69c765 5640cde3da1b3f995e244abb3cdcb671
vfs-4-size = 102163 61036
vfs-5 = e2ec7a8bc7c77d2a7eb4c8b0e9b1fd9e d1c1b4f8200f0647d588608f1b019fb9
vfs-5-size = 102663 61300
vfs-6 = 94472cce9c157eda90541f7770cb63af c5282a2f50b02c4da308fa50fc0cc8c4
vfs-6-size = 103604 61915
vfs-7 = 28eb3fc60a428bab79790defd5fc6a06 b7231a878f1cfdbc8ff4eee935000ed7
vfs-7-size = 103591 61878
vfs-8 = 5e65fe9030473a06ad780aa2351410fc cc1c9464c5349f5d49098df326f06936
vfs-8-size = 103514 61852
vfs-9 = 4b517ad4073a209418b83c5f9f414d3b e109ba87032ba482a05a5afb21a3d0f5
vfs-9-size = 127969 70541
vfs-10 = 6d808391c9df40c99ca9f4f67a988cea 895f6db748c783ab42a6922d41a562e4
vfs-10-size = 5026 3439
vfs-11 = 0e684bc6c0d03320864b5ff3f9265966 92b8f96bca50b63f492c28899df7973e
vfs-11-size = 170576 95206
vfs-12 = f66b7590693c3f087d4e77c0742be4fa 8794682eb2868fcf0a316b46c9a86907
vfs-12-size = 343412 203015
vfs-13 = 6a38c18394c2e8b7b12839e50a6f68e6 44c6fd8eace7eaa1a9d3c4922c48b006
vfs-13-size = 120711 71951
vfs-14 = c973b584f6d2c622f0f10bd7d199891c 9e10d3b19f335010b55d791fafbf36f7
vfs-14-size = 122157 72806
vfs-15 = 02e5cc19c5f09c35684003a429b0cd76 3b6f5ebb77af75ab56e620289eb14aba
vfs-15-size = 122104 72779
vfs-16 = a0673cc9406bf6d021b512032dbef6f7 55376c2aa1745260fe2f1a12bba2db83
vfs-16-size = 122153 72732
vfs-17 = 6105c20c2d009da74e4eafb334a44703 f01309555ac54374100f2feb8d1d2cc7
vfs-17-size = 410 377
vfs-18 = fc1b1f50c6c7cf1c98b6db65b30e10ff 018ec0927adfb1af3581cffe9c83892c
vfs-18-size = 189473 113043
vfs-19 = fd137fbb5d0d97f87b93a47bba69c765 5640cde3da1b3f995e244abb3cdcb671
vfs-19-size = 102163 61036
vfs-20 = e2ec7a8bc7c77d2a7eb4c8b0e9b1fd9e d1c1b4f8200f0647d588608f1b019fb9
vfs-20-size = 102663 61300
vfs-21 = 94472cce9c157eda90541f7770cb63af c5282a2f50b02c4da308fa50fc0cc8c4
vfs-21-size = 103604 61915
vfs-22 = 28eb3fc60a428bab79790defd5fc6a06 b7231a878f1cfdbc8ff4eee935000ed7
vfs-22-size = 103591 61878
vfs-23 = 5e65fe9030473a06ad780aa2351410fc cc1c9464c5349f5d49098df326f06936
vfs-23-size = 103514 61852
vfs-24 = 6b80c5aaffa78e415a7f27b5b6c83e49 de3dd6ef031fe7e2da015ea874cfb36a
vfs-24-size = 128023 70601
vfs-25 = 6d808391c9df40c99ca9f4f67a988cea 895f6db748c783ab42a6922d41a562e4
vfs-25-size = 5026 3439

