# Build Configuration

root = aeca1ad3f298a3fb1ff86d4ffede21f2
install = 30f4dffcdd92257bcd5db462368df55e a9d90cf46f45669d6f8b156c3eb2b00d
install-size = 1828090 1752535
download = 9125b7d289e8d980a76a5923b6f50f9b 3384ae763e5c327b8410f2f4fc71ee6d
download-size = 359546 329593
size = cdd1ae3c0435961b3ad50cf9548bf144 0b0bbf33e19b4ff726e4514582db72b7
size-size = 227655 202130
encoding = 4a9cf020ae08102310d284dc3f39c8f6 feb916366de16f8004558de573d33101
encoding-size = 941346 941517
build-name = 9.0.0.107004.dp-at-migration-rerun.61505f1af0.Filtered
build-product = Gryphon
build-uid = gryphon
build-token = 06c7c121-6383-11e5-e92d-d4ebe9497334
build-data-compatibility-hash = 296461320e9301597f8f9fd8c54587ee
build-data-content-hash = ac3af3b7501d55c65ae58f98a42a2ebc
build-full-version = 9.0.0.107004.dp-at-migration-rerun.61505f1af0
build-version = 9.0.0.107004
build-git-branch = dp-at-migration-rerun
build-git-commit-hash = 61505f1af09784f4096ab8417557585491d700a6
vfs-root = 0f4082bb92ef3fb474e1b147ecd272c1 d588afd968e0057b343da6ad69c07e95
vfs-root-size = 139 152
vfs-1 = 0f4082bb92ef3fb474e1b147ecd272c1 d588afd968e0057b343da6ad69c07e95
vfs-1-size = 139 152
vfs-2 = 226d6b4423354e0698ec29167f0d2a55 90a1c103eed0723126f3dd47584990fa
vfs-2-size = 147138 79586
vfs-3 = c3453ddde9dcb6fc2f71a5837147cd00 3adf52b1849b13adfa1fbbf78898a58e
vfs-3-size = 224314 134004
vfs-4 = dd75f438eb31556ea3c9d629571eb43c 634440c1bc820d403dc4f2449d03ff8a
vfs-4-size = 116551 69439
vfs-5 = 96704b81acb381658b44f6d3e41fb682 d70c24332a6d298bd2e33c0e2040420a
vfs-5-size = 117806 70228
vfs-6 = 7ef5c7357d1a13c830a3441b4cdc8219 a0c77d5b485be9c1f0f012337bb64a6b
vfs-6-size = 117802 70312
vfs-7 = df375a9a9ab4ebe49bf5c0f32029346c 13f96f0d52d5e47708d31c42eeaafea8
vfs-7-size = 117776 70317
vfs-8 = 2262088cfbdfb6a440a9eaff6d4061bb d3a72a7d4a220c3f927e0ecf3baec1b6
vfs-8-size = 117830 70259
vfs-9 = b0cb62ffeaebe770d819652b255da0e7 a2b45b0a11088220a23b2e2e8ed01a95
vfs-9-size = 4355 3051
vfs-10 = 4923ebc1cb5a3d364dd608d728001593 348b05f762b80d7e84a6b67ecadfadaa
vfs-10-size = 147138 79597
vfs-11 = 88a18c26d670198bdcc82eccea86b0f8 303ab08596e176ab4030b2a72da17a17
vfs-11-size = 224096 133871
vfs-12 = dd75f438eb31556ea3c9d629571eb43c 634440c1bc820d403dc4f2449d03ff8a
vfs-12-size = 116551 69439
vfs-13 = 96704b81acb381658b44f6d3e41fb682 d70c24332a6d298bd2e33c0e2040420a
vfs-13-size = 117806 70228
vfs-14 = 7ef5c7357d1a13c830a3441b4cdc8219 a0c77d5b485be9c1f0f012337bb64a6b
vfs-14-size = 117802 70312
vfs-15 = df375a9a9ab4ebe49bf5c0f32029346c 13f96f0d52d5e47708d31c42eeaafea8
vfs-15-size = 117776 70317
vfs-16 = 2262088cfbdfb6a440a9eaff6d4061bb d3a72a7d4a220c3f927e0ecf3baec1b6
vfs-16-size = 117830 70259
vfs-17 = b0cb62ffeaebe770d819652b255da0e7 a2b45b0a11088220a23b2e2e8ed01a95
vfs-17-size = 4355 3051

