# Build Configuration

root = d058fbe6be80136c97141b2486660390
install = 0be286e80c1c91828a12c563fdc6b651 89f86732d05b6f32c95e42b37ce45783
install-size = 3836811 3729259
download = 126b2a34f7c714107521ada1a3586b82 e497486fa2d845c00d404a5e50e7d1f3
download-size = 484091 446647
size = f2b53d2165517dabd3d9908eb26eb780 2ebc69a0ffb683126e63dcc944164ba7
size-size = 305535 272880
encoding = 4a3594ae2ababcd3a7c9bbda219ea4a2 16146d85a1a3562104f77c49826424fa
encoding-size = 1271587 1271761
build-name = 15.1.0.118956.dp-s19-winter.84690f526d.Filtered
build-product = Gryphon
build-uid = gryphon
build-token = cffd074d-43de-82e0-5bd7-2b1cb0943374
build-data-compatibility-hash = 3215561a753f2948756532193f64bab7
build-data-content-hash = 089709be74611055d3f8af438190d362
build-full-version = 15.1.0.118956.dp-s19-winter.84690f526d
build-version = 15.1.0.118956
build-git-branch = dp-s19-winter
build-git-commit-hash = 84690f526ddcc061969a9a3ee223eaf384876906
feature-placeholder = true
vfs-root = 38cc647996dd1419b758863c72c8376f 5ae7d0b1347451776ec77fe29427f74e
vfs-root-size = 178 183
vfs-1 = 38cc647996dd1419b758863c72c8376f 5ae7d0b1347451776ec77fe29427f74e
vfs-1-size = 178 183
vfs-2 = 2f8714d581eb33120faa83b63a73fe40 874faae64acb56f9219cc344c9a0e74c
vfs-2-size = 410 378
vfs-3 = db3488aabeb8c6a362e2f5e75ffa0758 c8a11f55d3037a1d14689e41bed85fb5
vfs-3-size = 189473 113052
vfs-4 = fd137fbb5d0d97f87b93a47bba69c765 5640cde3da1b3f995e244abb3cdcb671
vfs-4-size = 102163 61036
vfs-5 = e2ec7a8bc7c77d2a7eb4c8b0e9b1fd9e d1c1b4f8200f0647d588608f1b019fb9
vfs-5-size = 102663 61300
vfs-6 = 94472cce9c157eda90541f7770cb63af c5282a2f50b02c4da308fa50fc0cc8c4
vfs-6-size = 103604 61915
vfs-7 = 28eb3fc60a428bab79790defd5fc6a06 b7231a878f1cfdbc8ff4eee935000ed7
vfs-7-size = 103591 61878
vfs-8 = 5e65fe9030473a06ad780aa2351410fc cc1c9464c5349f5d49098df326f06936
vfs-8-size = 103514 61852
vfs-9 = 3f0bd2a83e2b178f1b9f6f9e2f31d46e cfb0d6671a32845940b722f4ae718fa7
vfs-9-size = 134308 73954
vfs-10 = 6d808391c9df40c99ca9f4f67a988cea 895f6db748c783ab42a6922d41a562e4
vfs-10-size = 5026 3439
vfs-11 = 24d9754a6410372f64f57337936ad880 41511d481b073c1c4db9b5e244475c07
vfs-11-size = 170338 95063
vfs-12 = f66b7590693c3f087d4e77c0742be4fa 8794682eb2868fcf0a316b46c9a86907
vfs-12-size = 343412 203015
vfs-13 = 6a38c18394c2e8b7b12839e50a6f68e6 44c6fd8eace7eaa1a9d3c4922c48b006
vfs-13-size = 120711 71951
vfs-14 = c973b584f6d2c622f0f10bd7d199891c 9e10d3b19f335010b55d791fafbf36f7
vfs-14-size = 122157 72806
vfs-15 = 02e5cc19c5f09c35684003a429b0cd76 3b6f5ebb77af75ab56e620289eb14aba
vfs-15-size = 122104 72779
vfs-16 = a0673cc9406bf6d021b512032dbef6f7 55376c2aa1745260fe2f1a12bba2db83
vfs-16-size = 122153 72732
vfs-17 = 2a6e7fef2347ac33845a998b8116182c f7ba6fcbdfe9099c758b9548ecedeeeb
vfs-17-size = 410 377
vfs-18 = fc1b1f50c6c7cf1c98b6db65b30e10ff 018ec0927adfb1af3581cffe9c83892c
vfs-18-size = 189473 113043
vfs-19 = fd137fbb5d0d97f87b93a47bba69c765 5640cde3da1b3f995e244abb3cdcb671
vfs-19-size = 102163 61036
vfs-20 = e2ec7a8bc7c77d2a7eb4c8b0e9b1fd9e d1c1b4f8200f0647d588608f1b019fb9
vfs-20-size = 102663 61300
vfs-21 = 94472cce9c157eda90541f7770cb63af c5282a2f50b02c4da308fa50fc0cc8c4
vfs-21-size = 103604 61915
vfs-22 = 28eb3fc60a428bab79790defd5fc6a06 b7231a878f1cfdbc8ff4eee935000ed7
vfs-22-size = 103591 61878
vfs-23 = 5e65fe9030473a06ad780aa2351410fc cc1c9464c5349f5d49098df326f06936
vfs-23-size = 103514 61852
vfs-24 = 6d184ed311453c1b65a166b2a5e16ee8 63131519d59995516d05e5b41075f02d
vfs-24-size = 130773 72061
vfs-25 = 6d808391c9df40c99ca9f4f67a988cea 895f6db748c783ab42a6922d41a562e4
vfs-25-size = 5026 3439

