# Build Configuration

root = eda3e377721b342d44f9e9c63c17ded5
install = ce41417892af6044aad4bb44c1cb3209 57bb6e9619a19dc3fbf1de28053bdb08
install-size = 3789500 3681570
download = 235d7348bd0e49f6b1003619d658a5ef 8add742aad715020233ad11c9ebc4fee
download-size = 470699 434373
size = e9f641b001b6abaebb12ec5a9b5503e8 646c68f136da7f8e46b3a8d030b05f57
size-size = 297093 265221
encoding = 209835691bb4d23d66d546df95a69370 baf0805c807cfc0616c8464ae9801932
encoding-size = 1238563 1238738
build-name = 11.2.0.114287.dp-doom-chaina-fix.437b86b6f0.Filtered
build-product = Gryphon
build-uid = gryphon
build-token = 6e49d267-77ca-29ca-3ba5-817450f59ccd
build-data-compatibility-hash = 204b6dbed0fccbdd0f89f9d90207170a
build-data-content-hash = eaa34647986cd265e879b71347d824f7
build-full-version = 11.2.0.114287.dp-doom-chaina-fix.437b86b6f0
build-version = 11.2.0.114287
build-git-branch = dp-doom-chaina-fix
build-git-commit-hash = 437b86b6f08c1e42ebb7eeed7ce12d335affd580
vfs-root = c468acd89b9d425a12d9f1c8f5a4640c c81ab2019341659b2375662d504f8f09
vfs-root-size = 178 184
vfs-1 = c468acd89b9d425a12d9f1c8f5a4640c c81ab2019341659b2375662d504f8f09
vfs-1-size = 178 184
vfs-2 = 46cafb7e232b5ecbd3a54f4daaa98199 4e15a478ec96f338e59efe5886332651
vfs-2-size = 410 376
vfs-3 = 2ad184ed6d6347777406fee1014ebb3d 615367692e41f093877cd3d233fbdcee
vfs-3-size = 189473 113051
vfs-4 = 789794977067354de04f51d286972ece c127efb6d505ef4b5486dc7710142bbc
vfs-4-size = 102365 61089
vfs-5 = 4958f4767b12853a150c5726ae6ac1fe c37f26193d3202cbe26d1626d556741f
vfs-5-size = 102848 61376
vfs-6 = 4fcfce444a52e2ed92e17a7ec5158db1 d4bb4cfa93843b0902b948c426e5deb3
vfs-6-size = 103499 61815
vfs-7 = 1f76a839b03a28104a4ee6107f0a6769 376f65380cfe91850e39435a945a7193
vfs-7-size = 103451 61733
vfs-8 = f13f701bb806765da7185b1eb0d690bf 3f9c91aba6f910aea1c9f40d7ec98de8
vfs-8-size = 103395 61765
vfs-9 = c656bd5c8e0bb8d8aa2f32a413e9a7b0 1c397eeae6e4aa35ea90c00fffae3f55
vfs-9-size = 128005 70416
vfs-10 = 9e14c9c11b5b9d5c4275118249999315 7f21a73a9f27778856b110b222bd2128
vfs-10-size = 4928 3373
vfs-11 = fc42837922d7560209447432e47965c0 267b2b0cd1e931879f4adda79af10ccb
vfs-11-size = 158856 88686
vfs-12 = dccba01a6277ea1b39b0c165d02039e8 4d128578016849d9a0715726874cc00d
vfs-12-size = 342602 202577
vfs-13 = 14120e27df6239661336e7f747e8724a 6a205ce3aff4695249a3840d306a25a0
vfs-13-size = 119900 71478
vfs-14 = 4815247d2bb6565446ba62a0919e33ea 59c6891bb2409f457cef583d02820a24
vfs-14-size = 121066 72171
vfs-15 = 53ca98fe0b1baced79dcf8158fed6ce4 1eef3943ded1e209f7469f6d9e22b134
vfs-15-size = 121012 72146
vfs-16 = 6fecae2cf5dd128dd8404613b7b12911 211d27635231e9b0366212b8fa71ef8f
vfs-16-size = 121073 72136
vfs-17 = 0847a02c9476a2ddf28f42a6a9cb80f0 cb9c0fd97371b709a1987a493bf253d9
vfs-17-size = 410 375
vfs-18 = 9c58f17b77525cb992b2078287a091c9 591352a1aa5cdead6a69f3afdcb820eb
vfs-18-size = 189473 113060
vfs-19 = 789794977067354de04f51d286972ece c127efb6d505ef4b5486dc7710142bbc
vfs-19-size = 102365 61089
vfs-20 = 4958f4767b12853a150c5726ae6ac1fe c37f26193d3202cbe26d1626d556741f
vfs-20-size = 102848 61376
vfs-21 = 4fcfce444a52e2ed92e17a7ec5158db1 d4bb4cfa93843b0902b948c426e5deb3
vfs-21-size = 103499 61815
vfs-22 = 1f76a839b03a28104a4ee6107f0a6769 376f65380cfe91850e39435a945a7193
vfs-22-size = 103451 61733
vfs-23 = f13f701bb806765da7185b1eb0d690bf 3f9c91aba6f910aea1c9f40d7ec98de8
vfs-23-size = 103395 61765
vfs-24 = 451fed480076b2795eee494167fe9026 13f09d698303e4ce3c1b9d61274134ac
vfs-24-size = 123211 67819
vfs-25 = 9e14c9c11b5b9d5c4275118249999315 7f21a73a9f27778856b110b222bd2128
vfs-25-size = 4928 3373

