# Build Configuration

root = 44fa7fc6c6fd7b324bcab4fabce0192d
install = 0f3c9dedd74bdce67db40ddad16a88e5 b797b772482ac0dc83a172ee627b65ba
install-size = 3822933 3715904
download = eb8fba874a0e9dec22d20dcdc9590a60 4538140101decca89e34fd9fa1868e2e
download-size = 478672 441479
size = adad572c5defc26aba81aa6d4104c199 91052ca2528cdf4b21a0335bec270170
size-size = 302123 269608
encoding = 4cc78f7db0dcd7ce848170625db8f4be 9d367c09758b655547e7835f7e4f113b
encoding-size = 1259203 1259378
build-name = 15.1.0.118741.cp-directx.f6af78e23c.Filtered
build-product = Gryphon
build-uid = gryphon
build-token = ded892ed-ef87-c709-b8d6-50595f746c6e
build-data-compatibility-hash = 1ca44d3ed53d2dc4c22a9741d7481f7c
build-data-content-hash = d3e8cde7858ae13c0eee1dc29227162d
build-full-version = 15.1.0.118741.cp-directx.f6af78e23c
build-version = 15.1.0.118741
build-git-branch = cp-directx
build-git-commit-hash = f6af78e23c4b0d5c80514565dc9156badf27994d
feature-placeholder = true
vfs-root = 72b7d3ee34986ce1a74f1906d9330c86 783a3c7de1d7b3ee49868f6368b575ee
vfs-root-size = 178 184
vfs-1 = 72b7d3ee34986ce1a74f1906d9330c86 783a3c7de1d7b3ee49868f6368b575ee
vfs-1-size = 178 184
vfs-2 = 6a31a0e4d539b54a23c15f7fd96c5d3a 23e31635cd5e0da308e0a17dccaa7fc3
vfs-2-size = 410 379
vfs-3 = db3488aabeb8c6a362e2f5e75ffa0758 c8a11f55d3037a1d14689e41bed85fb5
vfs-3-size = 189473 113052
vfs-4 = fd137fbb5d0d97f87b93a47bba69c765 5640cde3da1b3f995e244abb3cdcb671
vfs-4-size = 102163 61036
vfs-5 = e2ec7a8bc7c77d2a7eb4c8b0e9b1fd9e d1c1b4f8200f0647d588608f1b019fb9
vfs-5-size = 102663 61300
vfs-6 = 94472cce9c157eda90541f7770cb63af c5282a2f50b02c4da308fa50fc0cc8c4
vfs-6-size = 103604 61915
vfs-7 = 28eb3fc60a428bab79790defd5fc6a06 b7231a878f1cfdbc8ff4eee935000ed7
vfs-7-size = 103591 61878
vfs-8 = 5e65fe9030473a06ad780aa2351410fc cc1c9464c5349f5d49098df326f06936
vfs-8-size = 103514 61852
vfs-9 = 96d0edfc440fd3e826f1e2efd36d58bc 9da0eadc412ffd2cbb1516ec10d23102
vfs-9-size = 126510 69675
vfs-10 = 6d808391c9df40c99ca9f4f67a988cea 895f6db748c783ab42a6922d41a562e4
vfs-10-size = 5026 3439
vfs-11 = 2b8e9d52a4dfd2599489829fa3ebf78a 21e9d70147dd70ca7f89e40197e1bb2c
vfs-11-size = 170214 94987
vfs-12 = f66b7590693c3f087d4e77c0742be4fa 8794682eb2868fcf0a316b46c9a86907
vfs-12-size = 343412 203015
vfs-13 = 6a38c18394c2e8b7b12839e50a6f68e6 44c6fd8eace7eaa1a9d3c4922c48b006
vfs-13-size = 120711 71951
vfs-14 = c973b584f6d2c622f0f10bd7d199891c 9e10d3b19f335010b55d791fafbf36f7
vfs-14-size = 122157 72806
vfs-15 = 02e5cc19c5f09c35684003a429b0cd76 3b6f5ebb77af75ab56e620289eb14aba
vfs-15-size = 122104 72779
vfs-16 = a0673cc9406bf6d021b512032dbef6f7 55376c2aa1745260fe2f1a12bba2db83
vfs-16-size = 122153 72732
vfs-17 = 7c6413ae3ad9b212d0c9c5c433e80908 d871d0ca9b7a39588dd9dd14736c7afa
vfs-17-size = 410 377
vfs-18 = fc1b1f50c6c7cf1c98b6db65b30e10ff 018ec0927adfb1af3581cffe9c83892c
vfs-18-size = 189473 113043
vfs-19 = fd137fbb5d0d97f87b93a47bba69c765 5640cde3da1b3f995e244abb3cdcb671
vfs-19-size = 102163 61036
vfs-20 = e2ec7a8bc7c77d2a7eb4c8b0e9b1fd9e d1c1b4f8200f0647d588608f1b019fb9
vfs-20-size = 102663 61300
vfs-21 = 94472cce9c157eda90541f7770cb63af c5282a2f50b02c4da308fa50fc0cc8c4
vfs-21-size = 103604 61915
vfs-22 = 28eb3fc60a428bab79790defd5fc6a06 b7231a878f1cfdbc8ff4eee935000ed7
vfs-22-size = 103591 61878
vfs-23 = 5e65fe9030473a06ad780aa2351410fc cc1c9464c5349f5d49098df326f06936
vfs-23-size = 103514 61852
vfs-24 = 648544661ae32dd81f0d11f48eba3815 367ce920dd8315ebe83592f2a779a581
vfs-24-size = 126510 69683
vfs-25 = 6d808391c9df40c99ca9f4f67a988cea 895f6db748c783ab42a6922d41a562e4
vfs-25-size = 5026 3439

