# Build Configuration

root = 227827e8129d78019821982df6a74f31
install = 9ad163f2295b40a217260c02b515206d e46c3f3b582fc0c25370e86d7accc56d
install-size = 3825301 3716828
download = 0ddfa79fb5379e6d226241141220d1e5 9665b13b739c05f4d45df4234109ab01
download-size = 479474 442193
size = 0a460d9b9e67a817e3cc08eeec01f93c e63d9b938fae109e0251efa9ebcc07b7
size-size = 302628 270027
encoding = b3e84b122001932204ae57e26dcd4634 01b1ebd66ad1aa529729c3b1c9483d81
encoding-size = 1259203 1259378
build-name = 16.0.0.119159.dp-eventdatafix.5e69324e3b.Filtered
build-product = Gryphon
build-uid = gryphon
build-token = 0e962bae-1f66-9547-adae-2e634aee5114
build-data-compatibility-hash = 892d3fbef0391301b8e72fff03b145fe
build-data-content-hash = 69814d7299ba4564f7a087bda18210c0
build-full-version = 16.0.0.119159.dp-eventdatafix.5e69324e3b
build-version = 16.0.0.119159
build-git-branch = dp-eventdatafix
build-git-commit-hash = 5e69324e3b7c88ab0f4681f94fbbc44685d5b94d
feature-placeholder = true
vfs-root = e980d4638863796c267b5a113e16eec0 cc84638be43682729f789922bdebebc7
vfs-root-size = 178 184
vfs-1 = e980d4638863796c267b5a113e16eec0 cc84638be43682729f789922bdebebc7
vfs-1-size = 178 184
vfs-2 = a105e73d61b4b7ea2b741e5288353b66 1cbcc1eff57bb8fe48427d58760ce237
vfs-2-size = 410 380
vfs-3 = db3488aabeb8c6a362e2f5e75ffa0758 c8a11f55d3037a1d14689e41bed85fb5
vfs-3-size = 189473 113052
vfs-4 = fd137fbb5d0d97f87b93a47bba69c765 5640cde3da1b3f995e244abb3cdcb671
vfs-4-size = 102163 61036
vfs-5 = e2ec7a8bc7c77d2a7eb4c8b0e9b1fd9e d1c1b4f8200f0647d588608f1b019fb9
vfs-5-size = 102663 61300
vfs-6 = 94472cce9c157eda90541f7770cb63af c5282a2f50b02c4da308fa50fc0cc8c4
vfs-6-size = 103604 61915
vfs-7 = 28eb3fc60a428bab79790defd5fc6a06 b7231a878f1cfdbc8ff4eee935000ed7
vfs-7-size = 103591 61878
vfs-8 = 5e65fe9030473a06ad780aa2351410fc cc1c9464c5349f5d49098df326f06936
vfs-8-size = 103514 61852
vfs-9 = cdc4e9b20766462dd09cf5d53cda8c2b 9638bc58a9b4e2f1d8d4b46e58169af3
vfs-9-size = 127268 70074
vfs-10 = 6d808391c9df40c99ca9f4f67a988cea 895f6db748c783ab42a6922d41a562e4
vfs-10-size = 5026 3439
vfs-11 = 99ac557fb9b42911e3bcfddb402abd9a 4b384ff1feee9fad2bc51e00ac08ce4e
vfs-11-size = 170576 95209
vfs-12 = f66b7590693c3f087d4e77c0742be4fa 8794682eb2868fcf0a316b46c9a86907
vfs-12-size = 343412 203015
vfs-13 = 6a38c18394c2e8b7b12839e50a6f68e6 44c6fd8eace7eaa1a9d3c4922c48b006
vfs-13-size = 120711 71951
vfs-14 = c973b584f6d2c622f0f10bd7d199891c 9e10d3b19f335010b55d791fafbf36f7
vfs-14-size = 122157 72806
vfs-15 = 02e5cc19c5f09c35684003a429b0cd76 3b6f5ebb77af75ab56e620289eb14aba
vfs-15-size = 122104 72779
vfs-16 = a0673cc9406bf6d021b512032dbef6f7 55376c2aa1745260fe2f1a12bba2db83
vfs-16-size = 122153 72732
vfs-17 = f3554ecd637057519dec9a60a55bb4b3 c6291ce83593d63bb0d7a22e515499b0
vfs-17-size = 410 376
vfs-18 = fc1b1f50c6c7cf1c98b6db65b30e10ff 018ec0927adfb1af3581cffe9c83892c
vfs-18-size = 189473 113043
vfs-19 = fd137fbb5d0d97f87b93a47bba69c765 5640cde3da1b3f995e244abb3cdcb671
vfs-19-size = 102163 61036
vfs-20 = e2ec7a8bc7c77d2a7eb4c8b0e9b1fd9e d1c1b4f8200f0647d588608f1b019fb9
vfs-20-size = 102663 61300
vfs-21 = 94472cce9c157eda90541f7770cb63af c5282a2f50b02c4da308fa50fc0cc8c4
vfs-21-size = 103604 61915
vfs-22 = 28eb3fc60a428bab79790defd5fc6a06 b7231a878f1cfdbc8ff4eee935000ed7
vfs-22-size = 103591 61878
vfs-23 = 5e65fe9030473a06ad780aa2351410fc cc1c9464c5349f5d49098df326f06936
vfs-23-size = 103514 61852
vfs-24 = 51cfdfbc65076cbbdd245703e6929285 159cce05072221aaa23a2a3d2c6381f5
vfs-24-size = 127317 70151
vfs-25 = 6d808391c9df40c99ca9f4f67a988cea 895f6db748c783ab42a6922d41a562e4
vfs-25-size = 5026 3439

