# Build Configuration

root = eda3e377721b342d44f9e9c63c17ded5
install = ee4c86b36d2379751454cc2b2fa0fec7 15608652c6635291b04bd2c5ac6c23d1
install-size = 3783941 3676284
download = 67e0f2ec7902b15e05445a22a1019e20 32d77e2703098510821c855fd5d83eb2
download-size = 468447 432182
size = 21e81b1551ce5ed8d71daa9e21946e6a b083d1f030dc642e56c5946ecc6f516e
size-size = 295669 263915
encoding = b09bd439de00a0ed81b7e16d129d7704 0d17ae7f16ccea4e62aa3db05d80ab35
encoding-size = 1230307 1230482
build-name = 11.2.0.114083.dp-priestess.fce016b2d3.Filtered
build-product = Gryphon
build-uid = gryphon
build-token = 21a4e7f8-38bb-b2c0-0478-f9ba82ba63b2
build-data-compatibility-hash = 70175ca619ab6c4aebbfd25837e0f58a
build-data-content-hash = e0f65b24cf6ab4583a7b9a2efb392218
build-full-version = 11.2.0.114083.dp-priestess.fce016b2d3
build-version = 11.2.0.114083
build-git-branch = dp-priestess
build-git-commit-hash = fce016b2d345b52ae5361c4460c907423082be9a
vfs-root = 6f9f1b310685cfb222d5cf9cdb66a7d6 114cd9cc7afc024ca14f7509ef9a3254
vfs-root-size = 178 181
vfs-1 = 6f9f1b310685cfb222d5cf9cdb66a7d6 114cd9cc7afc024ca14f7509ef9a3254
vfs-1-size = 178 181
vfs-2 = 703519c4b08f584c024f8aea32da4479 0c1b4e1cd870a081f807174264c970f7
vfs-2-size = 410 378
vfs-3 = 2ad184ed6d6347777406fee1014ebb3d 615367692e41f093877cd3d233fbdcee
vfs-3-size = 189473 113051
vfs-4 = 789794977067354de04f51d286972ece c127efb6d505ef4b5486dc7710142bbc
vfs-4-size = 102365 61089
vfs-5 = 4958f4767b12853a150c5726ae6ac1fe c37f26193d3202cbe26d1626d556741f
vfs-5-size = 102848 61376
vfs-6 = 4fcfce444a52e2ed92e17a7ec5158db1 d4bb4cfa93843b0902b948c426e5deb3
vfs-6-size = 103499 61815
vfs-7 = 1f76a839b03a28104a4ee6107f0a6769 376f65380cfe91850e39435a945a7193
vfs-7-size = 103451 61733
vfs-8 = f13f701bb806765da7185b1eb0d690bf 3f9c91aba6f910aea1c9f40d7ec98de8
vfs-8-size = 103395 61765
vfs-9 = 8c35a98b5da420c00705aba6947be0c7 54f86a60ba15a49ef7459da61d3dc1b3
vfs-9-size = 123090 67727
vfs-10 = 9e14c9c11b5b9d5c4275118249999315 7f21a73a9f27778856b110b222bd2128
vfs-10-size = 4928 3373
vfs-11 = a4ec751f4b973fb351450bf1347fb895 baf654a6defb58ef10dcaf29e5e90496
vfs-11-size = 158856 88671
vfs-12 = dccba01a6277ea1b39b0c165d02039e8 4d128578016849d9a0715726874cc00d
vfs-12-size = 342602 202577
vfs-13 = 14120e27df6239661336e7f747e8724a 6a205ce3aff4695249a3840d306a25a0
vfs-13-size = 119900 71478
vfs-14 = 4815247d2bb6565446ba62a0919e33ea 59c6891bb2409f457cef583d02820a24
vfs-14-size = 121066 72171
vfs-15 = 53ca98fe0b1baced79dcf8158fed6ce4 1eef3943ded1e209f7469f6d9e22b134
vfs-15-size = 121012 72146
vfs-16 = 6fecae2cf5dd128dd8404613b7b12911 211d27635231e9b0366212b8fa71ef8f
vfs-16-size = 121073 72136
vfs-17 = 64871cafd91bcc5f882675df1ec708ab f0c8ef287881417c4441ee0792bfdf0e
vfs-17-size = 410 378
vfs-18 = 9c58f17b77525cb992b2078287a091c9 591352a1aa5cdead6a69f3afdcb820eb
vfs-18-size = 189473 113060
vfs-19 = 789794977067354de04f51d286972ece c127efb6d505ef4b5486dc7710142bbc
vfs-19-size = 102365 61089
vfs-20 = 4958f4767b12853a150c5726ae6ac1fe c37f26193d3202cbe26d1626d556741f
vfs-20-size = 102848 61376
vfs-21 = 4fcfce444a52e2ed92e17a7ec5158db1 d4bb4cfa93843b0902b948c426e5deb3
vfs-21-size = 103499 61815
vfs-22 = 1f76a839b03a28104a4ee6107f0a6769 376f65380cfe91850e39435a945a7193
vfs-22-size = 103451 61733
vfs-23 = f13f701bb806765da7185b1eb0d690bf 3f9c91aba6f910aea1c9f40d7ec98de8
vfs-23-size = 103395 61765
vfs-24 = 0e982ea6d68cc7ac3c295c810580a802 850ef92349bd6881faec9ee2c345fab8
vfs-24-size = 123090 67760
vfs-25 = 9e14c9c11b5b9d5c4275118249999315 7f21a73a9f27778856b110b222bd2128
vfs-25-size = 4928 3373

