# Build Configuration

root = 4dd21bff2351ada59c0c25e3cfd99384
install = f43de9681f32c9403a1a3bae29478105 259a56ca57404c66ff8b85c8cee981bb
install-size = 3787755 3680348
download = 16d3b0354895fa2c8874144fc322a120 b362219bdcbc7b27045ff9e1f60a9a6c
download-size = 469551 433067
size = 3b23ee0574e5012b38cf8838122e7b16 e851c3b8f93d19bbcf9b788298e1f12a
size-size = 296368 264475
encoding = cda28169133f9b3b5ea852aaa585d52f ddacb15f14da8be2bf56a9bf5be7b20c
encoding-size = 1238563 1238737
build-name = 12.0.0.115104.dp-tuning-2025-1.c19151f1b3.Filtered
build-product = Gryphon
build-uid = gryphon
build-token = c819f8af-b05d-e358-a2ae-3dd31188a9d7
build-data-compatibility-hash = 2e2f05954e9b78d96d968ef2e4fc786f
build-data-content-hash = c67d5d71cc184e7d9719b8a5a5bb5446
build-full-version = 12.0.0.115104.dp-tuning-2025-1.c19151f1b3
build-version = 12.0.0.115104
build-git-branch = dp-tuning-2025-1
build-git-commit-hash = c19151f1b359a94ad5cacf0e7449180dcb88d50d
vfs-root = f5196a45160047808490a19616712ed0 5962460233bc37fe422df45fb4223f9d
vfs-root-size = 178 184
vfs-1 = f5196a45160047808490a19616712ed0 5962460233bc37fe422df45fb4223f9d
vfs-1-size = 178 184
vfs-2 = 9d268c897fd7b643292aa6fc4a97be3c 373aedcf42c2f01f0e9c6a22253e3fc6
vfs-2-size = 410 378
vfs-3 = 2ad184ed6d6347777406fee1014ebb3d 615367692e41f093877cd3d233fbdcee
vfs-3-size = 189473 113051
vfs-4 = 789794977067354de04f51d286972ece c127efb6d505ef4b5486dc7710142bbc
vfs-4-size = 102365 61089
vfs-5 = 4958f4767b12853a150c5726ae6ac1fe c37f26193d3202cbe26d1626d556741f
vfs-5-size = 102848 61376
vfs-6 = 4fcfce444a52e2ed92e17a7ec5158db1 d4bb4cfa93843b0902b948c426e5deb3
vfs-6-size = 103499 61815
vfs-7 = 1f76a839b03a28104a4ee6107f0a6769 376f65380cfe91850e39435a945a7193
vfs-7-size = 103451 61733
vfs-8 = f13f701bb806765da7185b1eb0d690bf 3f9c91aba6f910aea1c9f40d7ec98de8
vfs-8-size = 103395 61765
vfs-9 = 933f8d8d7ec9836af72d49f551f3cfe1 d6da46fbe6680e1d1f3eac9594e619ac
vfs-9-size = 123692 67963
vfs-10 = 9e14c9c11b5b9d5c4275118249999315 7f21a73a9f27778856b110b222bd2128
vfs-10-size = 4928 3373
vfs-11 = 897454430b2fa6190cf2e318605b3dbe 2c985bb8bf5486aa785753bfa6e4e63d
vfs-11-size = 160061 89384
vfs-12 = f9b63c1ca7817ccbb88457a553a03624 8cef5f08a221fa31a448b586ad7c91b6
vfs-12-size = 342602 202598
vfs-13 = 14120e27df6239661336e7f747e8724a 6a205ce3aff4695249a3840d306a25a0
vfs-13-size = 119900 71478
vfs-14 = 4815247d2bb6565446ba62a0919e33ea 59c6891bb2409f457cef583d02820a24
vfs-14-size = 121066 72171
vfs-15 = 53ca98fe0b1baced79dcf8158fed6ce4 1eef3943ded1e209f7469f6d9e22b134
vfs-15-size = 121012 72146
vfs-16 = 6fecae2cf5dd128dd8404613b7b12911 211d27635231e9b0366212b8fa71ef8f
vfs-16-size = 121073 72136
vfs-17 = 6bf18af6c111c10cab6ef6b8e6d38828 7107f6a6bf5fcfd8c823ec8a820b23af
vfs-17-size = 410 377
vfs-18 = 9c58f17b77525cb992b2078287a091c9 591352a1aa5cdead6a69f3afdcb820eb
vfs-18-size = 189473 113060
vfs-19 = 789794977067354de04f51d286972ece c127efb6d505ef4b5486dc7710142bbc
vfs-19-size = 102365 61089
vfs-20 = 4958f4767b12853a150c5726ae6ac1fe c37f26193d3202cbe26d1626d556741f
vfs-20-size = 102848 61376
vfs-21 = 4fcfce444a52e2ed92e17a7ec5158db1 d4bb4cfa93843b0902b948c426e5deb3
vfs-21-size = 103499 61815
vfs-22 = 1f76a839b03a28104a4ee6107f0a6769 376f65380cfe91850e39435a945a7193
vfs-22-size = 103451 61733
vfs-23 = f13f701bb806765da7185b1eb0d690bf 3f9c91aba6f910aea1c9f40d7ec98de8
vfs-23-size = 103395 61765
vfs-24 = b6d792ca6d928c88ea7d9b472d167ce3 402118ec979d6e5a1758f89a473baada
vfs-24-size = 123692 67991
vfs-25 = 9e14c9c11b5b9d5c4275118249999315 7f21a73a9f27778856b110b222bd2128
vfs-25-size = 4928 3373

