# Build Configuration

root = 0f09c930ab64849cadc7ddee6e7643f3
install = d8a5ae5d1762662d5cae55e507aadba2 f8b7c0d864a0898bd4286aeae3653805
install-size = 3846736 3737604
download = 5f6820854fb20c581ad136c1a4e55829 5c70a53bd9f65c06ced577f3c452d1b5
download-size = 484176 446471
size = ae1fdafa971836c099382656c8edc341 8f7788da4c50963c69675b4e1fae5657
size-size = 305593 272835
encoding = a79bfac45a74d10df08526c46a9c420b ceb58fab03479edc75cadd804ee3aab8
encoding-size = 1271587 1271760
build-name = 14.0.0.118162.dp-magmadar.0b73560290.Filtered
build-product = Gryphon
build-uid = gryphon
build-token = 223e14ba-81ff-ef73-616e-1a7eeaf95867
build-data-compatibility-hash = 0aef1d56cd18deff91928510c3dc90ce
build-data-content-hash = 8af90b91e6b1482784f9cf2909ea0480
build-full-version = 14.0.0.118162.dp-magmadar.0b73560290
build-version = 14.0.0.118162
build-git-branch = dp-magmadar
build-git-commit-hash = 0b735602902e67420627b267d1b6523fc7540049
vfs-root = 8cbbbc3e3ff00ba1591bea6682e1dcb8 141ddbfff6ed611e590991de6b9c0913
vfs-root-size = 178 183
vfs-1 = 8cbbbc3e3ff00ba1591bea6682e1dcb8 141ddbfff6ed611e590991de6b9c0913
vfs-1-size = 178 183
vfs-2 = 56a2be84be95b6415abb60187164ff6a 3767630e560922a48cef37e7664144dd
vfs-2-size = 410 376
vfs-3 = de24813d89f9386d002f9d5e2ecb82da f4560d96ca03020510f230ab40b4af77
vfs-3-size = 189473 113052
vfs-4 = 443e3d4084aa9c974f6a6aace0308f24 0649cbd69fe9106cc118f201d6e7483b
vfs-4-size = 103178 61606
vfs-5 = 922a786174fc22949fd44f43f80d4c9e 65b1a74f35ad1451dd7c4d1b4ccf66bf
vfs-5-size = 103661 61858
vfs-6 = 81e1a9fe8b164a1a014f2dbf3045111d 1da09d92d40da5f5dba0676ecaffb91b
vfs-6-size = 104309 62342
vfs-7 = 20047dbf6ec1bb482b8b45c7a7ced813 4d0d9aaca3acb8be420f39f490245b95
vfs-7-size = 104284 62216
vfs-8 = 7e9cad8d1f52de36d8226a0d26ef368b 773670c4ed4376114385b44f40d2213c
vfs-8-size = 104200 62226
vfs-9 = 843459f21be1cbc48c94ee35e57ec3c2 2afab2850f9e1321f44f6bd48c53412b
vfs-9-size = 134133 73321
vfs-10 = 6d808391c9df40c99ca9f4f67a988cea 895f6db748c783ab42a6922d41a562e4
vfs-10-size = 5026 3439
vfs-11 = 107ce12ece8f7c33839ee7b70e8699db e7af1482dd40bb009dd64d05df2c4d8a
vfs-11-size = 168789 94066
vfs-12 = 1ea32018ba205f130297d12614817d3b dca512b1411885cadcc43089f2737d45
vfs-12-size = 343412 203019
vfs-13 = 6a38c18394c2e8b7b12839e50a6f68e6 44c6fd8eace7eaa1a9d3c4922c48b006
vfs-13-size = 120711 71951
vfs-14 = f0995293d9d6541b060a58ecad343a62 b8f7b521735fe5054bcf2b8742d8d2e9
vfs-14-size = 121876 72670
vfs-15 = edebda499db7e1198b561134efefd0a3 09c9489d2dfda260306d09290beea51a
vfs-15-size = 121821 72589
vfs-16 = fbc29ad86e90d1b341b6cf4419bab4ec eded7ba6c006a8907e814dc5afcc6b57
vfs-16-size = 121878 72587
vfs-17 = 8cbe8090a9bf5e932bab908ca7c89698 63d47e04b5632de7edbf2458ab1a8c16
vfs-17-size = 410 377
vfs-18 = 51f43f3fd1c6634ac96f54fdadd12cc4 d3763a0b7a0b62db4465b09af2b17f1c
vfs-18-size = 189473 113045
vfs-19 = 443e3d4084aa9c974f6a6aace0308f24 0649cbd69fe9106cc118f201d6e7483b
vfs-19-size = 103178 61606
vfs-20 = 922a786174fc22949fd44f43f80d4c9e 65b1a74f35ad1451dd7c4d1b4ccf66bf
vfs-20-size = 103661 61858
vfs-21 = 81e1a9fe8b164a1a014f2dbf3045111d 1da09d92d40da5f5dba0676ecaffb91b
vfs-21-size = 104309 62342
vfs-22 = 20047dbf6ec1bb482b8b45c7a7ced813 4d0d9aaca3acb8be420f39f490245b95
vfs-22-size = 104284 62216
vfs-23 = 7e9cad8d1f52de36d8226a0d26ef368b 773670c4ed4376114385b44f40d2213c
vfs-23-size = 104200 62226
vfs-24 = dc80b7c2bb04a0a85474a489a50a67e2 f492ca660fc2dc8f0894832614526228
vfs-24-size = 134251 73426
vfs-25 = 6d808391c9df40c99ca9f4f67a988cea 895f6db748c783ab42a6922d41a562e4
vfs-25-size = 5026 3439

