# Build Configuration

root = 9f4e52a3001bc4c02db65ced842466f9
install = d7f50ba276b790b2dda1f7cf1e028dd3 d80cf4311adb118d1d8ac2280390abb4
install-size = 4097398 3974621
download = f7daa64d959f29a9bda2c84784c27301 e5f710c8994f599a9b628b6dd25bbf3c
download-size = 491046 451544
size = 1dcff366075208bbe3f301cc0dfcba09 c80d5345a478237fe7dd98055fd10c51
size-size = 310852 277560
encoding = e8ff2d16e0d23977bc648104feb26f13 2c5556e79de8cdba20cef109a2a4082d
encoding-size = 1283971 1284145
build-name = 11.1.0.112797.dp-balance-update.3473f289ad.Filtered
build-product = Gryphon
build-uid = gryphon
build-token = c77cd67c-03e0-15c0-8b3b-8294da01c6f2
build-data-compatibility-hash = 8f35033d5e620348579f62f1960deb09
build-data-content-hash = 6f9f27768c78f82e6ab1606f2241ee38
build-full-version = 11.1.0.112797.dp-balance-update.3473f289ad
build-version = 11.1.0.112797
build-git-branch = dp-balance-update
build-git-commit-hash = 3473f289ada3819c8d01cb58685d1ea42b288b71
vfs-root = 8e4a35783eebc65c72e34be6ba933b17 74b8a9528cdf89b620ebf4a8889e6b9b
vfs-root-size = 178 181
vfs-1 = 8e4a35783eebc65c72e34be6ba933b17 74b8a9528cdf89b620ebf4a8889e6b9b
vfs-1-size = 178 181
vfs-2 = a7ee8503e3dac94f7cc477c4147dd372 cb68fce881e3757c6b9ef1b73b626780
vfs-2-size = 410 378
vfs-3 = ff858d212368bbc9724fe946a59389b2 dbf45638b44c965f10d34ab570d2ab61
vfs-3-size = 224096 133877
vfs-4 = 310a00180ef48fde3abe13e0f196aa7c 5b4626827a461b02725c75e29b8eaeca
vfs-4-size = 118317 70460
vfs-5 = bebaae972b9aba967a727fe6d0274631 305cc9a0abab104e33ea0d366f17da10
vfs-5-size = 119564 71278
vfs-6 = a9edf10f6700e417d54ceec933fa6792 6f27ecfa1bf7d2afa2bcf04eac853f35
vfs-6-size = 120724 71988
vfs-7 = f733b5a0017e199127d65e5bd3ae6f49 9913976efa01f8935f31892ce3e5475a
vfs-7-size = 120670 71938
vfs-8 = 4caf286ffd4dba3fcdf2cd983a3463ef 8253776f160be33640b9892d93223f6c
vfs-8-size = 120728 71923
vfs-9 = 9d560103e09cf2d082bb5fd686f0aadc d0c1a65ef6fecd058fb8a29057126fb6
vfs-9-size = 143545 78327
vfs-10 = 1878076287882c99bda32a209cf77fc8 faec85ec2b2e540c4306c45252f7f8fb
vfs-10-size = 4876 3346
vfs-11 = 2b91794e881426dba58c357e77ff1193 7ab5b4378bd2a5592e62a1502baa28e6
vfs-11-size = 156417 87286
vfs-12 = 8ad6f6b0cbaa90e8370cd07435ee471e 7a2edd2af93bf3f44cb30ac31d02b958
vfs-12-size = 342260 202397
vfs-13 = 7bbc6d1381ea8496a8138ca16d5ad923 af18e7f9b8ff7c7aa788c3ef7630b64d
vfs-13-size = 119564 71290
vfs-14 = 708a3606025213ca59e928ab1d5253ed 0d6877879ce27ba75794ca06bb9fc91d
vfs-14-size = 120724 72000
vfs-15 = c23bb03ed8697a2ac1330c94fcdb2271 a90a6c8610122267ea1507372dee9f5a
vfs-15-size = 120670 71957
vfs-16 = ccac9edccf00f1cc0c5565f5f8a5a8fb fa34ed021cdfd28a0b8aa0d724b6124e
vfs-16-size = 120728 71931
vfs-17 = 6ff96cfcb980c4939487168bacaf6137 fc9a4df9e6a4cc3cd903709cc4954ef0
vfs-17-size = 410 378
vfs-18 = 3df7722cbc03dc8d1288cde4aeab92e9 4f65216edc1e292f889ceb65889224fc
vfs-18-size = 224096 133888
vfs-19 = 310a00180ef48fde3abe13e0f196aa7c 5b4626827a461b02725c75e29b8eaeca
vfs-19-size = 118317 70460
vfs-20 = bebaae972b9aba967a727fe6d0274631 305cc9a0abab104e33ea0d366f17da10
vfs-20-size = 119564 71278
vfs-21 = a9edf10f6700e417d54ceec933fa6792 6f27ecfa1bf7d2afa2bcf04eac853f35
vfs-21-size = 120724 71988
vfs-22 = f733b5a0017e199127d65e5bd3ae6f49 9913976efa01f8935f31892ce3e5475a
vfs-22-size = 120670 71938
vfs-23 = 4caf286ffd4dba3fcdf2cd983a3463ef 8253776f160be33640b9892d93223f6c
vfs-23-size = 120728 71923
vfs-24 = 3f40fbe2bfa4e6d7f9bf5afdd3319d3c cd6f9b225ea7976ffe1f1755af118556
vfs-24-size = 143545 78331
vfs-25 = 1878076287882c99bda32a209cf77fc8 faec85ec2b2e540c4306c45252f7f8fb
vfs-25-size = 4876 3346

