# Build Configuration

root = 44fa7fc6c6fd7b324bcab4fabce0192d
install = c3044cd90826921bc2e17638f640e4d8 493563cf1e9c16f5a8ad91304bf1971a
install-size = 3828648 3721186
download = baa2b5bc34e47420cf3b6d42944d565f 20c8f0409ca582b55b2d6207daaa2ff8
download-size = 480927 443644
size = d2a2d9cd2eaa9a87981baa22637c61ff 797f114ba854927777f9964b335368ae
size-size = 303541 270990
encoding = 38bf0e605d3c48ae0ddd8d900fac929b e4d051334a4eeacd82e86b71e64e1693
encoding-size = 1267459 1267632
build-name = 15.1.0.118816.dp-s18-products.5fe33a4e08.Filtered
build-product = Gryphon
build-uid = gryphon
build-token = 4133b0f2-0089-1cdb-7a67-c0e180f22b63
build-data-compatibility-hash = 11e616241559a12de7cebfa2a9c3622f
build-data-content-hash = 9fbcfd57f3a3673300e4ffdd010baaae
build-full-version = 15.1.0.118816.dp-s18-products.5fe33a4e08
build-version = 15.1.0.118816
build-git-branch = dp-s18-products
build-git-commit-hash = 5fe33a4e08412003e4ef5587abee0cdc40884adf
feature-placeholder = true
vfs-root = fc9f3a57ef154aed9ba9a14a8b883a07 751c69b38fce6d214198ec3633d3548a
vfs-root-size = 178 182
vfs-1 = fc9f3a57ef154aed9ba9a14a8b883a07 751c69b38fce6d214198ec3633d3548a
vfs-1-size = 178 182
vfs-2 = 3beaa97aa2c54606cd4a54af65b1f8be eaa6a6b44c78d1220710a02fe79eddd1
vfs-2-size = 410 380
vfs-3 = db3488aabeb8c6a362e2f5e75ffa0758 c8a11f55d3037a1d14689e41bed85fb5
vfs-3-size = 189473 113052
vfs-4 = fd137fbb5d0d97f87b93a47bba69c765 5640cde3da1b3f995e244abb3cdcb671
vfs-4-size = 102163 61036
vfs-5 = e2ec7a8bc7c77d2a7eb4c8b0e9b1fd9e d1c1b4f8200f0647d588608f1b019fb9
vfs-5-size = 102663 61300
vfs-6 = 94472cce9c157eda90541f7770cb63af c5282a2f50b02c4da308fa50fc0cc8c4
vfs-6-size = 103604 61915
vfs-7 = 28eb3fc60a428bab79790defd5fc6a06 b7231a878f1cfdbc8ff4eee935000ed7
vfs-7-size = 103591 61878
vfs-8 = 5e65fe9030473a06ad780aa2351410fc cc1c9464c5349f5d49098df326f06936
vfs-8-size = 103514 61852
vfs-9 = 1ceef2b7ac5de7c76025dd7b9847ef49 c8884983a75299c00a68c8c7ea1bcb03
vfs-9-size = 127661 70326
vfs-10 = 6d808391c9df40c99ca9f4f67a988cea 895f6db748c783ab42a6922d41a562e4
vfs-10-size = 5026 3439
vfs-11 = c7d598a630b8f55e832fe7923fb1aed9 ac22a93eeeecff133e2b9da5edae39f2
vfs-11-size = 170214 94976
vfs-12 = f66b7590693c3f087d4e77c0742be4fa 8794682eb2868fcf0a316b46c9a86907
vfs-12-size = 343412 203015
vfs-13 = 6a38c18394c2e8b7b12839e50a6f68e6 44c6fd8eace7eaa1a9d3c4922c48b006
vfs-13-size = 120711 71951
vfs-14 = c973b584f6d2c622f0f10bd7d199891c 9e10d3b19f335010b55d791fafbf36f7
vfs-14-size = 122157 72806
vfs-15 = 02e5cc19c5f09c35684003a429b0cd76 3b6f5ebb77af75ab56e620289eb14aba
vfs-15-size = 122104 72779
vfs-16 = a0673cc9406bf6d021b512032dbef6f7 55376c2aa1745260fe2f1a12bba2db83
vfs-16-size = 122153 72732
vfs-17 = 090175fcfc70ab6db637d32a8edc06b3 fcac862144fa483d00e7e5864d29e832
vfs-17-size = 410 377
vfs-18 = fc1b1f50c6c7cf1c98b6db65b30e10ff 018ec0927adfb1af3581cffe9c83892c
vfs-18-size = 189473 113043
vfs-19 = fd137fbb5d0d97f87b93a47bba69c765 5640cde3da1b3f995e244abb3cdcb671
vfs-19-size = 102163 61036
vfs-20 = e2ec7a8bc7c77d2a7eb4c8b0e9b1fd9e d1c1b4f8200f0647d588608f1b019fb9
vfs-20-size = 102663 61300
vfs-21 = 94472cce9c157eda90541f7770cb63af c5282a2f50b02c4da308fa50fc0cc8c4
vfs-21-size = 103604 61915
vfs-22 = 28eb3fc60a428bab79790defd5fc6a06 b7231a878f1cfdbc8ff4eee935000ed7
vfs-22-size = 103591 61878
vfs-23 = 5e65fe9030473a06ad780aa2351410fc cc1c9464c5349f5d49098df326f06936
vfs-23-size = 103514 61852
vfs-24 = 6b60744a2a594e4d804a3efb1e70a191 277c3462f2910e0d31be6f682a423d63
vfs-24-size = 130484 71906
vfs-25 = 6d808391c9df40c99ca9f4f67a988cea 895f6db748c783ab42a6922d41a562e4
vfs-25-size = 5026 3439

