# Build Configuration

root = d2bb5a17630587ff74b1f942cdbcdc77
install = 77a1eead30afb7cf97d0c379b3604b06 e12a8b8990235d347bb6228aef117c11
install-size = 3846684 3737585
download = 5321f8a251aeaac793e4a84a752da59e dbd9fc843e47a17102e73792b2e44a4e
download-size = 484154 446463
size = 787bdc782942ac4d9fefcf88c8394b33 0baaea1c334d36ce85ed78140d739716
size-size = 305580 272809
encoding = 0b45a15dbba69358b7a106d2615af288 693ed19055c88d978176f7601a29d563
encoding-size = 1271587 1271760
build-name = 14.0.0.117710.dp-charlga.c900b9bd91.Filtered
build-product = Gryphon
build-uid = gryphon
build-token = 42cf6f75-e026-d83c-9b60-c0978ec14035
build-data-compatibility-hash = b51f33223be443fe5c78741fd582b195
build-data-content-hash = 33dc246b59c78a98047ffae8cd65ac1f
build-full-version = 14.0.0.117710.dp-charlga.c900b9bd91
build-version = 14.0.0.117710
build-git-branch = dp-charlga
build-git-commit-hash = c900b9bd91913bfb6d33aa3f1343753fbb201ed3
vfs-root = 29294174d13111d4b8e7a1fd38902adc ebe2fe54581071252edf975b2d8842fe
vfs-root-size = 178 184
vfs-1 = 29294174d13111d4b8e7a1fd38902adc ebe2fe54581071252edf975b2d8842fe
vfs-1-size = 178 184
vfs-2 = 2c81c9da990fe0edf28b9975e3c0e02c 0a12f091a4c5792cd138abfcc1698848
vfs-2-size = 410 378
vfs-3 = de24813d89f9386d002f9d5e2ecb82da f4560d96ca03020510f230ab40b4af77
vfs-3-size = 189473 113052
vfs-4 = 443e3d4084aa9c974f6a6aace0308f24 0649cbd69fe9106cc118f201d6e7483b
vfs-4-size = 103178 61606
vfs-5 = 922a786174fc22949fd44f43f80d4c9e 65b1a74f35ad1451dd7c4d1b4ccf66bf
vfs-5-size = 103661 61858
vfs-6 = 81e1a9fe8b164a1a014f2dbf3045111d 1da09d92d40da5f5dba0676ecaffb91b
vfs-6-size = 104309 62342
vfs-7 = 20047dbf6ec1bb482b8b45c7a7ced813 4d0d9aaca3acb8be420f39f490245b95
vfs-7-size = 104284 62216
vfs-8 = 7e9cad8d1f52de36d8226a0d26ef368b 773670c4ed4376114385b44f40d2213c
vfs-8-size = 104200 62226
vfs-9 = bc628b0d84a6bc42672b7274705ebeb2 5ede7bbc555c8705d315c9001c55afa8
vfs-9-size = 134084 73287
vfs-10 = 6d808391c9df40c99ca9f4f67a988cea 895f6db748c783ab42a6922d41a562e4
vfs-10-size = 5026 3439
vfs-11 = 51ffbc3154b0366156f11f49cd0b99c4 398fd149a0b21f2097a41c8353b53aff
vfs-11-size = 168789 94085
vfs-12 = 1ea32018ba205f130297d12614817d3b dca512b1411885cadcc43089f2737d45
vfs-12-size = 343412 203019
vfs-13 = 6a38c18394c2e8b7b12839e50a6f68e6 44c6fd8eace7eaa1a9d3c4922c48b006
vfs-13-size = 120711 71951
vfs-14 = f0995293d9d6541b060a58ecad343a62 b8f7b521735fe5054bcf2b8742d8d2e9
vfs-14-size = 121876 72670
vfs-15 = edebda499db7e1198b561134efefd0a3 09c9489d2dfda260306d09290beea51a
vfs-15-size = 121821 72589
vfs-16 = fbc29ad86e90d1b341b6cf4419bab4ec eded7ba6c006a8907e814dc5afcc6b57
vfs-16-size = 121878 72587
vfs-17 = c0c907c8843cd4f6ca1ae4d8affe44ea 99748d75b4617819bdec62704e45e30d
vfs-17-size = 410 377
vfs-18 = 51f43f3fd1c6634ac96f54fdadd12cc4 d3763a0b7a0b62db4465b09af2b17f1c
vfs-18-size = 189473 113045
vfs-19 = 443e3d4084aa9c974f6a6aace0308f24 0649cbd69fe9106cc118f201d6e7483b
vfs-19-size = 103178 61606
vfs-20 = 922a786174fc22949fd44f43f80d4c9e 65b1a74f35ad1451dd7c4d1b4ccf66bf
vfs-20-size = 103661 61858
vfs-21 = 81e1a9fe8b164a1a014f2dbf3045111d 1da09d92d40da5f5dba0676ecaffb91b
vfs-21-size = 104309 62342
vfs-22 = 20047dbf6ec1bb482b8b45c7a7ced813 4d0d9aaca3acb8be420f39f490245b95
vfs-22-size = 104284 62216
vfs-23 = 7e9cad8d1f52de36d8226a0d26ef368b 773670c4ed4376114385b44f40d2213c
vfs-23-size = 104200 62226
vfs-24 = 8251bae4e559d31f437053cf6323bcd7 9605db6b4e8d5a796411ca0b03e4bb4b
vfs-24-size = 134251 73422
vfs-25 = 6d808391c9df40c99ca9f4f67a988cea 895f6db748c783ab42a6922d41a562e4
vfs-25-size = 5026 3439

