# Build Configuration

root = 6c65b59225725647115bb0df1bed1a49
install = 32cd71d123d7f00a5c6e2fbea1a88b47 3c3068a2dda1cb6cb0852df172018cc9
install-size = 4100622 3969171
download = 1ab718b19b0940b9d11f12a945d3757c a77094c2f7d334d0c491a0be9dc70128
download-size = 492610 452092
size = 60cf8fcc5848a096c9708bc58f16ae0a 4ef07712e92f0987d616f92852b253e7
size-size = 312758 278685
encoding = c897ab22920f73e100f18911e06b98f8 77522a681cf941990d02b8a426557938
encoding-size = 1279843 1280018
build-name = 11.0.0.111570.dp-winter3.e8861e7ce5.Filtered
build-product = Gryphon
build-uid = gryphon
build-token = 19c8730c-ac00-5cd7-59fd-3a9b12913f2d
build-data-compatibility-hash = c52a0aacb80a71fd6762d2360e7634c0
build-data-content-hash = 309af51f07caacd3ddacc9c01e58773c
build-full-version = 11.0.0.111570.dp-winter3.e8861e7ce5
build-version = 11.0.0.111570
build-git-branch = dp-winter3
build-git-commit-hash = e8861e7ce52dacc42e810ce5638e32a342c4c5f2
vfs-root = 838d208fc7241e1f8121d8b824224521 36209aad3259006daefcffa751d50f12
vfs-root-size = 178 180
vfs-1 = 838d208fc7241e1f8121d8b824224521 36209aad3259006daefcffa751d50f12
vfs-1-size = 178 180
vfs-2 = bd89e84d14fd6253f7a14b49875eba74 37cda9bc9491ad7e97bbc67a2858fe3f
vfs-2-size = 410 375
vfs-3 = 1cf83721f3e48c588ff84afe42c7ef1a 818c408d84a5a73cad25ce2528bbfd40
vfs-3-size = 224314 134025
vfs-4 = 310a00180ef48fde3abe13e0f196aa7c 5b4626827a461b02725c75e29b8eaeca
vfs-4-size = 118317 70460
vfs-5 = bebaae972b9aba967a727fe6d0274631 305cc9a0abab104e33ea0d366f17da10
vfs-5-size = 119564 71278
vfs-6 = a9edf10f6700e417d54ceec933fa6792 6f27ecfa1bf7d2afa2bcf04eac853f35
vfs-6-size = 120724 71988
vfs-7 = f733b5a0017e199127d65e5bd3ae6f49 9913976efa01f8935f31892ce3e5475a
vfs-7-size = 120670 71938
vfs-8 = 4caf286ffd4dba3fcdf2cd983a3463ef 8253776f160be33640b9892d93223f6c
vfs-8-size = 120728 71923
vfs-9 = 2ccb4d2af0ccde702d2e336f0ebb3472 999f3a447c6a7af7445b239a13faeec5
vfs-9-size = 142990 77953
vfs-10 = 9317dfc6861e164c9a58774ed3a29885 0c387373fd4c5e4b69f4f3739356b88a
vfs-10-size = 4694 3228
vfs-11 = abc18c454ba6a56832f69427d4d3b573 29854ce250cdb64f368fc16c77e91987
vfs-11-size = 155025 86394
vfs-12 = 60327c8e75649e6cea1c3e827c505a4f 5521f6fc335cf72808524a434326f9a4
vfs-12-size = 342260 202387
vfs-13 = 7bbc6d1381ea8496a8138ca16d5ad923 af18e7f9b8ff7c7aa788c3ef7630b64d
vfs-13-size = 119564 71290
vfs-14 = 708a3606025213ca59e928ab1d5253ed 0d6877879ce27ba75794ca06bb9fc91d
vfs-14-size = 120724 72000
vfs-15 = c23bb03ed8697a2ac1330c94fcdb2271 a90a6c8610122267ea1507372dee9f5a
vfs-15-size = 120670 71957
vfs-16 = ccac9edccf00f1cc0c5565f5f8a5a8fb fa34ed021cdfd28a0b8aa0d724b6124e
vfs-16-size = 120728 71931
vfs-17 = 4f9c444f893b7b46e6ccc0a1847b40ca 542011e5ec61163604fa775ef145f82d
vfs-17-size = 410 375
vfs-18 = 3df7722cbc03dc8d1288cde4aeab92e9 4f65216edc1e292f889ceb65889224fc
vfs-18-size = 224096 133888
vfs-19 = 310a00180ef48fde3abe13e0f196aa7c 5b4626827a461b02725c75e29b8eaeca
vfs-19-size = 118317 70460
vfs-20 = bebaae972b9aba967a727fe6d0274631 305cc9a0abab104e33ea0d366f17da10
vfs-20-size = 119564 71278
vfs-21 = a9edf10f6700e417d54ceec933fa6792 6f27ecfa1bf7d2afa2bcf04eac853f35
vfs-21-size = 120724 71988
vfs-22 = f733b5a0017e199127d65e5bd3ae6f49 9913976efa01f8935f31892ce3e5475a
vfs-22-size = 120670 71938
vfs-23 = 4caf286ffd4dba3fcdf2cd983a3463ef 8253776f160be33640b9892d93223f6c
vfs-23-size = 120728 71923
vfs-24 = 7ee93310b05f49d27699fc3140cde862 7769fa34cf6d8283deccc01ef4bf1a00
vfs-24-size = 142990 77994
vfs-25 = 9317dfc6861e164c9a58774ed3a29885 0c387373fd4c5e4b69f4f3739356b88a
vfs-25-size = 4694 3228

