# Build Configuration

root = dae080a1ce93340d2c13bed6f785870c
install = 72fc08754aa194dcfa1271182f2fa048 a5b73439a1a28138fd60e32bc82397dc
install-size = 1828366 1752899
download = 3dc0d7cde62e2f92783be1df5ab947c6 65ba3b425a7da82cc889a5b30a761f70
download-size = 360134 330366
size = 272f77c6e1c9b48c54c4acfdf01a19f2 b991f5a0717f8476da15dc088d927405
size-size = 228027 202891
encoding = 48d13d1057dbab767e0a8483c2b322bd ead1892ff555d3532e4043ddf11ab5f5
encoding-size = 945474 945644
build-name = 9.0.0.107698.dp-hallow-combo.723aafd1e4.Filtered
build-product = Gryphon
build-uid = gryphon
build-token = bf20c939-14d3-e2ad-666e-ea169c186d31
build-data-compatibility-hash = 580bf58daec3cef07bec18a7992154eb
build-data-content-hash = 841ac9845fc29aa817ce558514bff509
build-full-version = 9.0.0.107698.dp-hallow-combo.723aafd1e4
build-version = 9.0.0.107698
build-git-branch = dp-hallow-combo
build-git-commit-hash = 723aafd1e4c23c3481a87d69a405fa29f1e9a2a2
vfs-root = 09dd71d0634978bc65d7d80a86c6cb7d dff250d07324074f0f55cc6e6dc96d98
vfs-root-size = 139 152
vfs-1 = 09dd71d0634978bc65d7d80a86c6cb7d dff250d07324074f0f55cc6e6dc96d98
vfs-1-size = 139 152
vfs-2 = c4263c364e44b8ef9e72544340148779 3c9eb1c3274dca0d5b298216929bb808
vfs-2-size = 147779 79902
vfs-3 = c3453ddde9dcb6fc2f71a5837147cd00 3adf52b1849b13adfa1fbbf78898a58e
vfs-3-size = 224314 134004
vfs-4 = dd75f438eb31556ea3c9d629571eb43c 634440c1bc820d403dc4f2449d03ff8a
vfs-4-size = 116551 69439
vfs-5 = 96704b81acb381658b44f6d3e41fb682 d70c24332a6d298bd2e33c0e2040420a
vfs-5-size = 117806 70228
vfs-6 = 7ef5c7357d1a13c830a3441b4cdc8219 a0c77d5b485be9c1f0f012337bb64a6b
vfs-6-size = 117802 70312
vfs-7 = df375a9a9ab4ebe49bf5c0f32029346c 13f96f0d52d5e47708d31c42eeaafea8
vfs-7-size = 117776 70317
vfs-8 = 2262088cfbdfb6a440a9eaff6d4061bb d3a72a7d4a220c3f927e0ecf3baec1b6
vfs-8-size = 117830 70259
vfs-9 = 5f6ab89ee0133040412cba6f73de3370 e60065a04b15fb3f889996171663b21e
vfs-9-size = 4459 3125
vfs-10 = 85c68e68074d46f7f4fd649d368444b3 03400ae60884e74d636ed480bc7251c6
vfs-10-size = 147779 79909
vfs-11 = 88a18c26d670198bdcc82eccea86b0f8 303ab08596e176ab4030b2a72da17a17
vfs-11-size = 224096 133871
vfs-12 = dd75f438eb31556ea3c9d629571eb43c 634440c1bc820d403dc4f2449d03ff8a
vfs-12-size = 116551 69439
vfs-13 = 96704b81acb381658b44f6d3e41fb682 d70c24332a6d298bd2e33c0e2040420a
vfs-13-size = 117806 70228
vfs-14 = 7ef5c7357d1a13c830a3441b4cdc8219 a0c77d5b485be9c1f0f012337bb64a6b
vfs-14-size = 117802 70312
vfs-15 = df375a9a9ab4ebe49bf5c0f32029346c 13f96f0d52d5e47708d31c42eeaafea8
vfs-15-size = 117776 70317
vfs-16 = 2262088cfbdfb6a440a9eaff6d4061bb d3a72a7d4a220c3f927e0ecf3baec1b6
vfs-16-size = 117830 70259
vfs-17 = 5f6ab89ee0133040412cba6f73de3370 e60065a04b15fb3f889996171663b21e
vfs-17-size = 4459 3125

