# Build Configuration

root = 12a1a6703f9b588e5b0d6b774da54327
install = 9d4a2847fb4d1d7e93f3615b2794a883 9743fa3d092e6238e43791f17713bba8
install-size = 3783732 3676368
download = 97b55196885b23e7e693075f611cb3db d0a83b594d209d30bea96e3a146f7f58
download-size = 467969 431631
size = 191bf3bc77b3435502298bf7439545ad ed52c556f03700e78e782ff4d3e05b0d
size-size = 295371 263501
encoding = 8b0f01a80f8818963c02ccdf8795d755 c5f43a309452307e99e130f9f9820e76
encoding-size = 1230307 1230482
build-name = 12.0.0.114977.dp-multi-leader.a7e5790ce9.Filtered
build-product = Gryphon
build-uid = gryphon
build-token = 6a9abe50-106c-df3f-f064-1f325345fc61
build-data-compatibility-hash = 65a5ec6ec1cf6154594e2375ec354f49
build-data-content-hash = f1d993e357e018a4ac354c934391cc00
build-full-version = 12.0.0.114977.dp-multi-leader.a7e5790ce9
build-version = 12.0.0.114977
build-git-branch = dp-multi-leader
build-git-commit-hash = a7e5790ce99069b5fc7257f958e708b3038edab5
vfs-root = f333fa71b4d51231c352b7d2ba21f855 2462dbd4b4a2d0023986e627177eb930
vfs-root-size = 178 184
vfs-1 = f333fa71b4d51231c352b7d2ba21f855 2462dbd4b4a2d0023986e627177eb930
vfs-1-size = 178 184
vfs-2 = b6aca5e6ac3aca668d640c6dc87bd131 cccaddafd44cefb45849075259c475ed
vfs-2-size = 410 378
vfs-3 = 2ad184ed6d6347777406fee1014ebb3d 615367692e41f093877cd3d233fbdcee
vfs-3-size = 189473 113051
vfs-4 = 789794977067354de04f51d286972ece c127efb6d505ef4b5486dc7710142bbc
vfs-4-size = 102365 61089
vfs-5 = 4958f4767b12853a150c5726ae6ac1fe c37f26193d3202cbe26d1626d556741f
vfs-5-size = 102848 61376
vfs-6 = 4fcfce444a52e2ed92e17a7ec5158db1 d4bb4cfa93843b0902b948c426e5deb3
vfs-6-size = 103499 61815
vfs-7 = 1f76a839b03a28104a4ee6107f0a6769 376f65380cfe91850e39435a945a7193
vfs-7-size = 103451 61733
vfs-8 = f13f701bb806765da7185b1eb0d690bf 3f9c91aba6f910aea1c9f40d7ec98de8
vfs-8-size = 103395 61765
vfs-9 = ff7e27c56850e55b804365c851e398ff 581f55d67d785cceae970ca8b165e92c
vfs-9-size = 121982 67089
vfs-10 = 9e14c9c11b5b9d5c4275118249999315 7f21a73a9f27778856b110b222bd2128
vfs-10-size = 4928 3373
vfs-11 = 6ead94a2d47460664b8b6049995573a8 6d8ef6673a6660fa702dafd97a4181b5
vfs-11-size = 159984 89327
vfs-12 = f9b63c1ca7817ccbb88457a553a03624 8cef5f08a221fa31a448b586ad7c91b6
vfs-12-size = 342602 202598
vfs-13 = 14120e27df6239661336e7f747e8724a 6a205ce3aff4695249a3840d306a25a0
vfs-13-size = 119900 71478
vfs-14 = 4815247d2bb6565446ba62a0919e33ea 59c6891bb2409f457cef583d02820a24
vfs-14-size = 121066 72171
vfs-15 = 53ca98fe0b1baced79dcf8158fed6ce4 1eef3943ded1e209f7469f6d9e22b134
vfs-15-size = 121012 72146
vfs-16 = 6fecae2cf5dd128dd8404613b7b12911 211d27635231e9b0366212b8fa71ef8f
vfs-16-size = 121073 72136
vfs-17 = d6edddce19ebbbb4aa88c24b397da74e 9828c14335f68114fea406616fefa2dc
vfs-17-size = 410 379
vfs-18 = 9c58f17b77525cb992b2078287a091c9 591352a1aa5cdead6a69f3afdcb820eb
vfs-18-size = 189473 113060
vfs-19 = 789794977067354de04f51d286972ece c127efb6d505ef4b5486dc7710142bbc
vfs-19-size = 102365 61089
vfs-20 = 4958f4767b12853a150c5726ae6ac1fe c37f26193d3202cbe26d1626d556741f
vfs-20-size = 102848 61376
vfs-21 = 4fcfce444a52e2ed92e17a7ec5158db1 d4bb4cfa93843b0902b948c426e5deb3
vfs-21-size = 103499 61815
vfs-22 = 1f76a839b03a28104a4ee6107f0a6769 376f65380cfe91850e39435a945a7193
vfs-22-size = 103451 61733
vfs-23 = f13f701bb806765da7185b1eb0d690bf 3f9c91aba6f910aea1c9f40d7ec98de8
vfs-23-size = 103395 61765
vfs-24 = b7a9a58193a28c69efadb2953c9d3602 b3f8f35462c09a296c0c21d17d6a1b24
vfs-24-size = 121982 67144
vfs-25 = 9e14c9c11b5b9d5c4275118249999315 7f21a73a9f27778856b110b222bd2128
vfs-25-size = 4928 3373

