# Build Configuration

root = 6ed1194afa7143cec4a76b50e892ddf6
install = ab4d6d45f7223633701a7f6f2b7563a0 4c594f84af9f48f1591fb2237cf2fabc
install-size = 1828090 1752526
download = 609dece3f006ec3f0036bf03cfb1ce59 57f7ddbd97b353cb5e5bd63c8db7dab0
download-size = 359546 329278
size = 499dcf66e3c9e885958ebfe1543e5056 670a7e9c135154622beae0b3af0628ab
size-size = 227655 201638
encoding = 032021cfe1d5aea029bd4cfdbcd684b1 15357e3ef32c0326aa974bf0c86b069e
encoding-size = 941346 941517
build-name = 9.0.0.107021.cp-9.1.9e269ee829.Filtered
build-product = Gryphon
build-uid = gryphon
build-token = b0bb2dd9-af50-3195-267a-3b51715c491f
build-data-compatibility-hash = 296461320e9301597f8f9fd8c54587ee
build-data-content-hash = ac3af3b7501d55c65ae58f98a42a2ebc
build-full-version = 9.0.0.107021.cp-9.1.9e269ee829
build-version = 9.0.0.107021
build-git-branch = cp-9.1
build-git-commit-hash = 9e269ee82973200f8bdbf701a729decca408a7e4
vfs-root = 1b92e511b0741e99ab309ffbdcb6302f 66e1a7337e9340f3f04e398f7d81097e
vfs-root-size = 139 153
vfs-1 = 1b92e511b0741e99ab309ffbdcb6302f 66e1a7337e9340f3f04e398f7d81097e
vfs-1-size = 139 153
vfs-2 = 2355124879476b0a9ab84af1f2aa57f4 d7761e51986650969bbb956a42bffcb4
vfs-2-size = 147138 79603
vfs-3 = c3453ddde9dcb6fc2f71a5837147cd00 3adf52b1849b13adfa1fbbf78898a58e
vfs-3-size = 224314 134004
vfs-4 = dd75f438eb31556ea3c9d629571eb43c 634440c1bc820d403dc4f2449d03ff8a
vfs-4-size = 116551 69439
vfs-5 = 96704b81acb381658b44f6d3e41fb682 d70c24332a6d298bd2e33c0e2040420a
vfs-5-size = 117806 70228
vfs-6 = 7ef5c7357d1a13c830a3441b4cdc8219 a0c77d5b485be9c1f0f012337bb64a6b
vfs-6-size = 117802 70312
vfs-7 = df375a9a9ab4ebe49bf5c0f32029346c 13f96f0d52d5e47708d31c42eeaafea8
vfs-7-size = 117776 70317
vfs-8 = 2262088cfbdfb6a440a9eaff6d4061bb d3a72a7d4a220c3f927e0ecf3baec1b6
vfs-8-size = 117830 70259
vfs-9 = b0cb62ffeaebe770d819652b255da0e7 a2b45b0a11088220a23b2e2e8ed01a95
vfs-9-size = 4355 3051
vfs-10 = 37b94fcd1f6158d0fa136c9a16b15079 9fce9cf33269dab36ddd52e669c474a5
vfs-10-size = 147138 79593
vfs-11 = 88a18c26d670198bdcc82eccea86b0f8 303ab08596e176ab4030b2a72da17a17
vfs-11-size = 224096 133871
vfs-12 = dd75f438eb31556ea3c9d629571eb43c 634440c1bc820d403dc4f2449d03ff8a
vfs-12-size = 116551 69439
vfs-13 = 96704b81acb381658b44f6d3e41fb682 d70c24332a6d298bd2e33c0e2040420a
vfs-13-size = 117806 70228
vfs-14 = 7ef5c7357d1a13c830a3441b4cdc8219 a0c77d5b485be9c1f0f012337bb64a6b
vfs-14-size = 117802 70312
vfs-15 = df375a9a9ab4ebe49bf5c0f32029346c 13f96f0d52d5e47708d31c42eeaafea8
vfs-15-size = 117776 70317
vfs-16 = 2262088cfbdfb6a440a9eaff6d4061bb d3a72a7d4a220c3f927e0ecf3baec1b6
vfs-16-size = 117830 70259
vfs-17 = b0cb62ffeaebe770d819652b255da0e7 a2b45b0a11088220a23b2e2e8ed01a95
vfs-17-size = 4355 3051

