# Build Configuration

root = 7c8c66ea254a246724cb50b7dba78e26
install = 73e56a419355bb69e6c79eb86dcd3a17 d32e39a3fdfbcc514aa3106c2853e1fe
install-size = 4097150 3974302
download = c5ccbad592eda4bb5a6d34544242a248 baf49176580e4107dedbaabc07f0cfbb
download-size = 491024 451555
size = 454a811c5bff4173a5eddca17590f073 c46e639286c50389524829db24a1dd57
size-size = 310839 277673
encoding = 3f54c6e07cd961ba12867301e70014dc f7abb4fa6dcdd599f54e849dae1f9671
encoding-size = 1283971 1284145
build-name = 11.1.0.112370.dp-pvphonor.d40a855ec2.Filtered
build-product = Gryphon
build-uid = gryphon
build-token = 960c5414-8c66-c67a-324e-37690f4a60d0
build-data-compatibility-hash = 57aa990b6f1b942082651bf881878ca7
build-data-content-hash = 32aaefab4a90a4842cf7bf43ff0fd95e
build-full-version = 11.1.0.112370.dp-pvphonor.d40a855ec2
build-version = 11.1.0.112370
build-git-branch = dp-pvphonor
build-git-commit-hash = d40a855ec2c8c7f86b9736c566ea3c121963c518
vfs-root = 5b7886b41952f702fbb384f931460ac3 84ca8e6095fe564ff5c37f92c2f40d6a
vfs-root-size = 178 184
vfs-1 = 5b7886b41952f702fbb384f931460ac3 84ca8e6095fe564ff5c37f92c2f40d6a
vfs-1-size = 178 184
vfs-2 = dbd9755df1994d079c7b12e11e801e9c ca10f73a32860247d55e89410394f1e1
vfs-2-size = 410 377
vfs-3 = ff858d212368bbc9724fe946a59389b2 dbf45638b44c965f10d34ab570d2ab61
vfs-3-size = 224096 133877
vfs-4 = 310a00180ef48fde3abe13e0f196aa7c 5b4626827a461b02725c75e29b8eaeca
vfs-4-size = 118317 70460
vfs-5 = bebaae972b9aba967a727fe6d0274631 305cc9a0abab104e33ea0d366f17da10
vfs-5-size = 119564 71278
vfs-6 = a9edf10f6700e417d54ceec933fa6792 6f27ecfa1bf7d2afa2bcf04eac853f35
vfs-6-size = 120724 71988
vfs-7 = f733b5a0017e199127d65e5bd3ae6f49 9913976efa01f8935f31892ce3e5475a
vfs-7-size = 120670 71938
vfs-8 = 4caf286ffd4dba3fcdf2cd983a3463ef 8253776f160be33640b9892d93223f6c
vfs-8-size = 120728 71923
vfs-9 = a4136d56173ab77423abbdbfe5d7b693 d7f680d43a4ec0b9886e122f7d1489df
vfs-9-size = 143521 78291
vfs-10 = 89609d0119c7ceaa621827a4254eeae2 0c18f4ee4570e8ad83c9059fbd66ffe3
vfs-10-size = 4825 3312
vfs-11 = f577f1e5bba33d0f1e52fa160fe5ae38 c7df123822d7f005a14ef6808ddfc605
vfs-11-size = 156342 87219
vfs-12 = 60327c8e75649e6cea1c3e827c505a4f 5521f6fc335cf72808524a434326f9a4
vfs-12-size = 342260 202387
vfs-13 = 7bbc6d1381ea8496a8138ca16d5ad923 af18e7f9b8ff7c7aa788c3ef7630b64d
vfs-13-size = 119564 71290
vfs-14 = 708a3606025213ca59e928ab1d5253ed 0d6877879ce27ba75794ca06bb9fc91d
vfs-14-size = 120724 72000
vfs-15 = c23bb03ed8697a2ac1330c94fcdb2271 a90a6c8610122267ea1507372dee9f5a
vfs-15-size = 120670 71957
vfs-16 = ccac9edccf00f1cc0c5565f5f8a5a8fb fa34ed021cdfd28a0b8aa0d724b6124e
vfs-16-size = 120728 71931
vfs-17 = 5cf07b90f4839503b366532c38acd133 5537d771c5f65d995bf4ee80d63cdada
vfs-17-size = 410 375
vfs-18 = 3df7722cbc03dc8d1288cde4aeab92e9 4f65216edc1e292f889ceb65889224fc
vfs-18-size = 224096 133888
vfs-19 = 310a00180ef48fde3abe13e0f196aa7c 5b4626827a461b02725c75e29b8eaeca
vfs-19-size = 118317 70460
vfs-20 = bebaae972b9aba967a727fe6d0274631 305cc9a0abab104e33ea0d366f17da10
vfs-20-size = 119564 71278
vfs-21 = a9edf10f6700e417d54ceec933fa6792 6f27ecfa1bf7d2afa2bcf04eac853f35
vfs-21-size = 120724 71988
vfs-22 = f733b5a0017e199127d65e5bd3ae6f49 9913976efa01f8935f31892ce3e5475a
vfs-22-size = 120670 71938
vfs-23 = 4caf286ffd4dba3fcdf2cd983a3463ef 8253776f160be33640b9892d93223f6c
vfs-23-size = 120728 71923
vfs-24 = beed678a5e101f5ee01c7ba125af26fa 8b03042535411b7ebc3ffd3f1ca0a18e
vfs-24-size = 143521 78314
vfs-25 = 89609d0119c7ceaa621827a4254eeae2 0c18f4ee4570e8ad83c9059fbd66ffe3
vfs-25-size = 4825 3312

