# Build Configuration

root = 4c34678270552c41a80bb5044d32f58b
install = 86d8b177466fedde558e71b6f74f743d 14c41f7f542e01e9dd9b39ea4cdf2b39
install-size = 1827684 1754770
download = df4997b4e81a052f307fd0940d5acefc 5311430d484a185061110ec09a7fb8c7
download-size = 353382 324132
size = 34a2ab97582d86eda98c5fba83dc274a afe121d6485b29405b44c209f5255be7
size-size = 223759 198442
encoding = 8ba8c493c806ff8a350310b785eafef5 31526182443bdc55d77daf0e8cc6dc0b
encoding-size = 924834 925005
build-name = 8.5.0.103319.m8.5.8b5963de82.Filtered
build-product = Gryphon
build-uid = gryphon
build-token = eb8f9232-d00f-2204-91bb-5bc1c43316f4
build-data-compatibility-hash = bd099149007e1fa040fc9575e3332460
build-data-content-hash = 98f5e788c3fd95e60f2a078b273bb91b
build-full-version = 8.5.0.103319.m8.5.8b5963de82
build-version = 8.5.0.103319
build-git-branch = m8.5
build-git-commit-hash = 8b5963de8223fd0576ad920af4c3beb48e777a82
vfs-root = 779459dc8051c0acc581d32d27b6cbd3 b0a44adad171bd7fa67adb28ace81454
vfs-root-size = 139 152
vfs-1 = 779459dc8051c0acc581d32d27b6cbd3 b0a44adad171bd7fa67adb28ace81454
vfs-1-size = 139 152
vfs-2 = ddbe4fdbb37079ba19cda0d20fe57ce0 d9a6f6e1a8826c744c1da68d86b9266d
vfs-2-size = 140324 75906
vfs-3 = 1048138f94e905b1f846f306fa8569e7 28aa30f8983c27158991ec3b1e064ca4
vfs-3-size = 224175 133888
vfs-4 = 623934988c84680014354823fa8b6e9e ca36d657d7476721b9c7c08827f5ee74
vfs-4-size = 116551 69459
vfs-5 = ef3432d559a5ad5037803ef52f8fb509 6348b43a04aeb2319565a7b988951826
vfs-5-size = 117806 70249
vfs-6 = 2e3f5c124f389775f6e459aba14b45d8 dce7d10a49e36be97ca7c10807893ce4
vfs-6-size = 117802 70316
vfs-7 = 826b036c87b3634d7624547ada9ed40f 338befca2fd62898b6825842d9e5a11a
vfs-7-size = 117776 70322
vfs-8 = 2e726a07d2e458f09c625908ae8f5191 f9e0608b4bcff4134fb883d791dfc8aa
vfs-8-size = 117830 70257
vfs-9 = f5f797e895ee4f9e8159c22d80c31566 6d8428794ef0723f60796d76ba513979
vfs-9-size = 4311 3019
vfs-10 = 1898bb8679828ff41e443e542530b9ab 33137a88ac9705e6e163f247cc9a9ea6
vfs-10-size = 140324 75875
vfs-11 = 21d2eebf04e69c56da2b1dc47a3f44c0 307e093a156f45baa309c4f8a8290d1b
vfs-11-size = 223957 133737
vfs-12 = 623934988c84680014354823fa8b6e9e ca36d657d7476721b9c7c08827f5ee74
vfs-12-size = 116551 69459
vfs-13 = ef3432d559a5ad5037803ef52f8fb509 6348b43a04aeb2319565a7b988951826
vfs-13-size = 117806 70249
vfs-14 = 2e3f5c124f389775f6e459aba14b45d8 dce7d10a49e36be97ca7c10807893ce4
vfs-14-size = 117802 70316
vfs-15 = 826b036c87b3634d7624547ada9ed40f 338befca2fd62898b6825842d9e5a11a
vfs-15-size = 117776 70322
vfs-16 = 2e726a07d2e458f09c625908ae8f5191 f9e0608b4bcff4134fb883d791dfc8aa
vfs-16-size = 117830 70257
vfs-17 = f5f797e895ee4f9e8159c22d80c31566 6d8428794ef0723f60796d76ba513979
vfs-17-size = 4311 3019

