# Build Configuration

root = bc491005a3b6dfc93577d9c52d2eb093
install = f15485703f83b4edd7934b982b8b6dfe 79e49abd8d31c67beffec272ba3eac49
install-size = 1745721 1668043
download = 0b2809d6e4dabc7e73302372ed3928df 21847abea15985c554d621f838a601a8
download-size = 315532 286662
size = f0568be12a0202b8b2a3fd0af9c46bba 7a481328caf74d9f2dd4e6c669d5ddca
size-size = 199814 175111
encoding = 7fe5dcc60786c935c1f1e7fdb14f3362 26652b785feb1924f27cc961ad0dd73c
encoding-size = 825762 825934
patch-index = 966de3f18bb4bb5adfc1db95b1e08325 1e460e5c37dd3c1c1128abf053099eed
patch-index-size = 101368 84800
patch = b57eb5f7afb980e4a99b270c8947e309
patch-size = 97521
patch-config = 07c6e2fcb334e89aea59aac1ce785908
build-name = 5.0.0.91005.m5.da5dd8e3d8.Filtered
build-product = Gryphon
build-uid = gryphon
build-token = 43088f75-a923-f62f-5283-3720e9b4ae40
build-data-compatibility-hash = 711fdc84dfadfa75ed9cd2db5f3f2bf7
build-data-content-hash = 489d0e705dbcd5f77f7e6e836d5af281
build-full-version = 5.0.0.91005.m5.da5dd8e3d8
build-version = 5.0.0.91005
build-git-branch = m5
build-git-commit-hash = da5dd8e3d82d10e337bae5ff68f873b3714db964
vfs-root = bce9b779aebb7c2e73e2b2a2ab6fa62a 69600000b53b93b7bda070ee347cc97a
vfs-root-size = 173 194
vfs-1 = bce9b779aebb7c2e73e2b2a2ab6fa62a 69600000b53b93b7bda070ee347cc97a
vfs-1-size = 173 194
vfs-2 = 27aec4af65bea124b1812f3190941d75 f27d74981acde4d6091f710944b81285
vfs-2-size = 159896 103687
vfs-3 = 032167dec9fb1384a023dc8522d055e4 38b5f0c918f4e956529b6c52f9f0606f
vfs-3-size = 280509 199248
vfs-4 = 4a5070e8b4e4e11fc14a0fc2d6f26612 f129032ad6c1c4ff1e738f48af352ea7
vfs-4-size = 148205 103108
vfs-5 = 96c2ed5e21dfed1dca81564234193479 f08a8be1f60fdc8277131cf3e615839a
vfs-5-size = 153782 107185
vfs-6 = 7719ef19b1f618c7d34654090d4bd6f1 3f4bd5e8b3b97c63180bb9ec1b96a75d
vfs-6-size = 153675 107221
vfs-7 = 87ca8754f341d2aec68ee4b9f976a039 f9b34009d21c3f67c4395d754a4008f9
vfs-7-size = 153612 107099
vfs-8 = 11419536a8bad9908563f8f2869613f7 6f99fcaddcf0226d9f3217df90459269
vfs-8-size = 153402 106955
vfs-9 = b1a627f0bf53e6bb76e0a9a8cb952aa1 ca23e726e6ca8aa9f1200810f8401cb5
vfs-9-size = 5119 3987
vfs-10 = 98eab14632e10c30aaebbd914380759a c6a2efbf76d58f1299c92865cc70c92b
vfs-10-size = 204068 144327
vfs-11 = 5f88ee02f471ec9e7719d63a2f68972b 799f2d7d61d376f9f8724c96890b2337
vfs-11-size = 280509 199233
vfs-12 = 4a5070e8b4e4e11fc14a0fc2d6f26612 f129032ad6c1c4ff1e738f48af352ea7
vfs-12-size = 148205 103108
vfs-13 = 96c2ed5e21dfed1dca81564234193479 f08a8be1f60fdc8277131cf3e615839a
vfs-13-size = 153782 107185
vfs-14 = 7719ef19b1f618c7d34654090d4bd6f1 3f4bd5e8b3b97c63180bb9ec1b96a75d
vfs-14-size = 153675 107221
vfs-15 = 87ca8754f341d2aec68ee4b9f976a039 f9b34009d21c3f67c4395d754a4008f9
vfs-15-size = 153612 107099
vfs-16 = 11419536a8bad9908563f8f2869613f7 6f99fcaddcf0226d9f3217df90459269
vfs-16-size = 153402 106955
vfs-17 = b1a627f0bf53e6bb76e0a9a8cb952aa1 ca23e726e6ca8aa9f1200810f8401cb5
vfs-17-size = 5119 3987

