# Build Configuration

root = a175811fdefb73823f55eb3cc1db02ec
install = d81f01ce5b579fcf694358ce7689bcc3 bb3b279b91c3ffc63dadb70d2cdb025c
install-size = 1857554 1780911
download = ade642079591b65bc074301fcd8167d2 24c7e4f4f553ea8f90f4d2a4c611bbaa
download-size = 364380 334003
size = 4419701fc54bcea1a49efc42224af2f3 2d56b8d807b8809d9556fb4fde8aaf4b
size-size = 230716 204844
encoding = 19eb46f92c1d01272cf400e12d56a4e2 a47adc869e9c4bfe97e3b84a342ae224
encoding-size = 953730 953899
build-name = 10.0.0.109306.dp-sylv.6031dd7ec2.Filtered
build-product = Gryphon
build-uid = gryphon
build-token = c9fe959e-d6c9-9000-8d99-c9a391989b6c
build-data-compatibility-hash = 67241cf49143352848d9d95cbde11777
build-data-content-hash = 3ed9069238a3925c3545127c03cdda2f
build-full-version = 10.0.0.109306.dp-sylv.6031dd7ec2
build-version = 10.0.0.109306
build-git-branch = dp-sylv
build-git-commit-hash = 6031dd7ec210b003b1a74a5ab0710802854f26f0
vfs-root = 38741c0c5de2cf617019911f5e7d2ad7 e69ba716ed8177452505da9850d39771
vfs-root-size = 139 153
vfs-1 = 38741c0c5de2cf617019911f5e7d2ad7 e69ba716ed8177452505da9850d39771
vfs-1-size = 139 153
vfs-2 = 545713f5e3da8d5fe255955357ed4683 51b0970d4993aac80a029a2683ee141d
vfs-2-size = 148688 80392
vfs-3 = 1cf83721f3e48c588ff84afe42c7ef1a 818c408d84a5a73cad25ce2528bbfd40
vfs-3-size = 224314 134025
vfs-4 = 310a00180ef48fde3abe13e0f196aa7c 5b4626827a461b02725c75e29b8eaeca
vfs-4-size = 118317 70460
vfs-5 = bebaae972b9aba967a727fe6d0274631 305cc9a0abab104e33ea0d366f17da10
vfs-5-size = 119564 71278
vfs-6 = a9edf10f6700e417d54ceec933fa6792 6f27ecfa1bf7d2afa2bcf04eac853f35
vfs-6-size = 120724 71988
vfs-7 = f733b5a0017e199127d65e5bd3ae6f49 9913976efa01f8935f31892ce3e5475a
vfs-7-size = 120670 71938
vfs-8 = 4caf286ffd4dba3fcdf2cd983a3463ef 8253776f160be33640b9892d93223f6c
vfs-8-size = 120728 71923
vfs-9 = 5736a5f2d7155bd90948e8485964f9a3 b190a0b20ce6c87699f60ba9d589d662
vfs-9-size = 4459 3080
vfs-10 = 0fcd144d2588815e1bed03b13ebc6d67 23cd8a43030a5e8a540582c9d76b6dc8
vfs-10-size = 148688 80350
vfs-11 = 3df7722cbc03dc8d1288cde4aeab92e9 4f65216edc1e292f889ceb65889224fc
vfs-11-size = 224096 133888
vfs-12 = 310a00180ef48fde3abe13e0f196aa7c 5b4626827a461b02725c75e29b8eaeca
vfs-12-size = 118317 70460
vfs-13 = bebaae972b9aba967a727fe6d0274631 305cc9a0abab104e33ea0d366f17da10
vfs-13-size = 119564 71278
vfs-14 = a9edf10f6700e417d54ceec933fa6792 6f27ecfa1bf7d2afa2bcf04eac853f35
vfs-14-size = 120724 71988
vfs-15 = f733b5a0017e199127d65e5bd3ae6f49 9913976efa01f8935f31892ce3e5475a
vfs-15-size = 120670 71938
vfs-16 = 4caf286ffd4dba3fcdf2cd983a3463ef 8253776f160be33640b9892d93223f6c
vfs-16-size = 120728 71923
vfs-17 = 5736a5f2d7155bd90948e8485964f9a3 b190a0b20ce6c87699f60ba9d589d662
vfs-17-size = 4459 3080

