# Build Configuration

root = a175811fdefb73823f55eb3cc1db02ec
install = b209967cab6bcaf34f0a0b65bb824165 d94e40b8c3c13cad7de8b8976d337511
install-size = 1857554 1780911
download = 6b689846b3107ed4493e540add5dc02d 043bb3cdaa98be197c097e4eb506300f
download-size = 364380 334075
size = 621d6ca9dd8e3aac97ce7b4ecef2ed26 65e6dd6c0bd79b98e57ec3d616958769
size-size = 230716 205104
encoding = c57f2165baa64458bb4a92e7a32b0214 ab835a246c72c6fe27d307284008cb04
encoding-size = 953730 953899
build-name = 10.0.0.109539.cp-10.3.184d2519d5.Filtered
build-product = Gryphon
build-uid = gryphon
build-token = 183058f0-022f-40cf-e372-3fc0d33fae86
build-data-compatibility-hash = 3a89bd058ea34cb8bfc001fbb30b49bc
build-data-content-hash = e2ab2a7be3de5f77cc34c398879a1002
build-full-version = 10.0.0.109539.cp-10.3.184d2519d5
build-version = 10.0.0.109539
build-git-branch = cp-10.3
build-git-commit-hash = 184d2519d59e25d2b34fe3d5627993e0ffe007c5
vfs-root = 23a90a8024b99649ef76e836f1349efa 83be8927b33107a34ea43f636efc20ef
vfs-root-size = 139 153
vfs-1 = 23a90a8024b99649ef76e836f1349efa 83be8927b33107a34ea43f636efc20ef
vfs-1-size = 139 153
vfs-2 = 2121213baf535fc7adb60d0c3f5dde8f f9809882f9a3bdca0d6039c7fe7f51e4
vfs-2-size = 148688 80404
vfs-3 = 1cf83721f3e48c588ff84afe42c7ef1a 818c408d84a5a73cad25ce2528bbfd40
vfs-3-size = 224314 134025
vfs-4 = 310a00180ef48fde3abe13e0f196aa7c 5b4626827a461b02725c75e29b8eaeca
vfs-4-size = 118317 70460
vfs-5 = bebaae972b9aba967a727fe6d0274631 305cc9a0abab104e33ea0d366f17da10
vfs-5-size = 119564 71278
vfs-6 = a9edf10f6700e417d54ceec933fa6792 6f27ecfa1bf7d2afa2bcf04eac853f35
vfs-6-size = 120724 71988
vfs-7 = f733b5a0017e199127d65e5bd3ae6f49 9913976efa01f8935f31892ce3e5475a
vfs-7-size = 120670 71938
vfs-8 = 4caf286ffd4dba3fcdf2cd983a3463ef 8253776f160be33640b9892d93223f6c
vfs-8-size = 120728 71923
vfs-9 = 5736a5f2d7155bd90948e8485964f9a3 b190a0b20ce6c87699f60ba9d589d662
vfs-9-size = 4459 3080
vfs-10 = 87cc11e71ba461cfa978a8882e611c54 6176681ba3ebd27f90b4446d2a5ff309
vfs-10-size = 148688 80388
vfs-11 = 3df7722cbc03dc8d1288cde4aeab92e9 4f65216edc1e292f889ceb65889224fc
vfs-11-size = 224096 133888
vfs-12 = 310a00180ef48fde3abe13e0f196aa7c 5b4626827a461b02725c75e29b8eaeca
vfs-12-size = 118317 70460
vfs-13 = bebaae972b9aba967a727fe6d0274631 305cc9a0abab104e33ea0d366f17da10
vfs-13-size = 119564 71278
vfs-14 = a9edf10f6700e417d54ceec933fa6792 6f27ecfa1bf7d2afa2bcf04eac853f35
vfs-14-size = 120724 71988
vfs-15 = f733b5a0017e199127d65e5bd3ae6f49 9913976efa01f8935f31892ce3e5475a
vfs-15-size = 120670 71938
vfs-16 = 4caf286ffd4dba3fcdf2cd983a3463ef 8253776f160be33640b9892d93223f6c
vfs-16-size = 120728 71923
vfs-17 = 5736a5f2d7155bd90948e8485964f9a3 b190a0b20ce6c87699f60ba9d589d662
vfs-17-size = 4459 3080

