# Build Configuration

root = a2db7d40ae5f605dd0472fedc1287b5e
install = 1884bee3ebf5ec0b92c01e371c6f4893 281322f7a4949733d830e5818be6bd38
install-size = 3837450 3729151
download = 18689da9800854484e06b82ea98705a1 c9db02e4321730b98c4310089294ca1a
download-size = 484371 446888
size = ef46f3c267dc844b3ed52b1d7550b284 66348cad87ec4974b5f7f76812027da3
size-size = 305716 273030
encoding = 09e64e6946094de4b13b1dd5d0016340 0f4392d804c4645ade6d716e21209560
encoding-size = 1271587 1271761
build-name = 15.1.0.119026.dp-datum-events.44f7d0de21.Filtered
build-product = Gryphon
build-uid = gryphon
build-token = 44e6962c-00c6-896a-dd75-d43f8cd1cc3b
build-data-compatibility-hash = 73eba7591d9bd0f515f860070082c44f
build-data-content-hash = d9ed4404c9c53a4f49c12b1b29b01267
build-full-version = 15.1.0.119026.dp-datum-events.44f7d0de21
build-version = 15.1.0.119026
build-git-branch = dp-datum-events
build-git-commit-hash = 44f7d0de214346c2b91ed2a4259866923cae31c6
feature-placeholder = true
vfs-root = eddff5a90f4f66f3cc64c12522e3453c ab7da665f7ac687cf83c89e93f9008af
vfs-root-size = 178 184
vfs-1 = eddff5a90f4f66f3cc64c12522e3453c ab7da665f7ac687cf83c89e93f9008af
vfs-1-size = 178 184
vfs-2 = 3f2b1bd8435d0f0e53512efe86713708 b184b14b5a2e2aa1fc3ffe6d3d3d9b24
vfs-2-size = 410 378
vfs-3 = db3488aabeb8c6a362e2f5e75ffa0758 c8a11f55d3037a1d14689e41bed85fb5
vfs-3-size = 189473 113052
vfs-4 = fd137fbb5d0d97f87b93a47bba69c765 5640cde3da1b3f995e244abb3cdcb671
vfs-4-size = 102163 61036
vfs-5 = e2ec7a8bc7c77d2a7eb4c8b0e9b1fd9e d1c1b4f8200f0647d588608f1b019fb9
vfs-5-size = 102663 61300
vfs-6 = 94472cce9c157eda90541f7770cb63af c5282a2f50b02c4da308fa50fc0cc8c4
vfs-6-size = 103604 61915
vfs-7 = 28eb3fc60a428bab79790defd5fc6a06 b7231a878f1cfdbc8ff4eee935000ed7
vfs-7-size = 103591 61878
vfs-8 = 5e65fe9030473a06ad780aa2351410fc cc1c9464c5349f5d49098df326f06936
vfs-8-size = 103514 61852
vfs-9 = 4c046a2eb6e1b04489a33891d210576d 67d472e4defcbe4be11513537288c08a
vfs-9-size = 134586 74103
vfs-10 = 6d808391c9df40c99ca9f4f67a988cea 895f6db748c783ab42a6922d41a562e4
vfs-10-size = 5026 3439
vfs-11 = a91f433d36899f259e8d55aadc6d57b1 ededdd3dcfd45451032419697fb9029e
vfs-11-size = 170338 95043
vfs-12 = f66b7590693c3f087d4e77c0742be4fa 8794682eb2868fcf0a316b46c9a86907
vfs-12-size = 343412 203015
vfs-13 = 6a38c18394c2e8b7b12839e50a6f68e6 44c6fd8eace7eaa1a9d3c4922c48b006
vfs-13-size = 120711 71951
vfs-14 = c973b584f6d2c622f0f10bd7d199891c 9e10d3b19f335010b55d791fafbf36f7
vfs-14-size = 122157 72806
vfs-15 = 02e5cc19c5f09c35684003a429b0cd76 3b6f5ebb77af75ab56e620289eb14aba
vfs-15-size = 122104 72779
vfs-16 = a0673cc9406bf6d021b512032dbef6f7 55376c2aa1745260fe2f1a12bba2db83
vfs-16-size = 122153 72732
vfs-17 = dc70499d1b4e781d5afa0f58ba13b2ef e1951391e0943810bfdc26e164e5bf86
vfs-17-size = 410 375
vfs-18 = fc1b1f50c6c7cf1c98b6db65b30e10ff 018ec0927adfb1af3581cffe9c83892c
vfs-18-size = 189473 113043
vfs-19 = fd137fbb5d0d97f87b93a47bba69c765 5640cde3da1b3f995e244abb3cdcb671
vfs-19-size = 102163 61036
vfs-20 = e2ec7a8bc7c77d2a7eb4c8b0e9b1fd9e d1c1b4f8200f0647d588608f1b019fb9
vfs-20-size = 102663 61300
vfs-21 = 94472cce9c157eda90541f7770cb63af c5282a2f50b02c4da308fa50fc0cc8c4
vfs-21-size = 103604 61915
vfs-22 = 28eb3fc60a428bab79790defd5fc6a06 b7231a878f1cfdbc8ff4eee935000ed7
vfs-22-size = 103591 61878
vfs-23 = 5e65fe9030473a06ad780aa2351410fc cc1c9464c5349f5d49098df326f06936
vfs-23-size = 103514 61852
vfs-24 = 4b57715dacd5d40439a952d3d2142f0a 278201b5622589c3ca4759b7d7c28992
vfs-24-size = 131099 72243
vfs-25 = 6d808391c9df40c99ca9f4f67a988cea 895f6db748c783ab42a6922d41a562e4
vfs-25-size = 5026 3439

