# Build Configuration

root = bbb13f8a955717aac64ff134462bfb47
install = 2ea435202bfd9390fece9e39d062a7c5 c077285b3ba4544308a8cf52d7db0b59
install-size = 3826027 3717550
download = 28356a88b43a362405b0de70a1a4a9dd 260ecb3fa98eedb6933744cecb31ceaf
download-size = 479801 442536
size = 2c56e4af05da710ddb1cd50381efd122 238225cfe1063a623c3fe900ae1f8ace
size-size = 302829 270204
encoding = 6adb14ce77d1ba3b969c06b837650ef2 a0693b11b6d2c1e3447eb55062295148
encoding-size = 1259203 1259378
build-name = 16.0.0.119240.dp-eventdatafix.6b62143c6e.Filtered
build-product = Gryphon
build-uid = gryphon
build-token = a644ad82-ebe4-7d4a-df5c-eee0e00959c5
build-data-compatibility-hash = 1d53440489f131ca9fde32bedaada124
build-data-content-hash = 33ded91427cb6d777e2099c268a8dbc5
build-full-version = 16.0.0.119240.dp-eventdatafix.6b62143c6e
build-version = 16.0.0.119240
build-git-branch = dp-eventdatafix
build-git-commit-hash = 6b62143c6edfd1059304e1c97e3de22866812cd4
feature-placeholder = true
vfs-root = f204530e05e8d7ebc73e7ee5d12e28fe b20efea993ba6c43a835dbd5fb418da6
vfs-root-size = 178 184
vfs-1 = f204530e05e8d7ebc73e7ee5d12e28fe b20efea993ba6c43a835dbd5fb418da6
vfs-1-size = 178 184
vfs-2 = c58cb48b6976e6f3611a1f9462a516d1 7cda073b9cd052fe04e0c36c4133f269
vfs-2-size = 410 379
vfs-3 = db3488aabeb8c6a362e2f5e75ffa0758 c8a11f55d3037a1d14689e41bed85fb5
vfs-3-size = 189473 113052
vfs-4 = fd137fbb5d0d97f87b93a47bba69c765 5640cde3da1b3f995e244abb3cdcb671
vfs-4-size = 102163 61036
vfs-5 = e2ec7a8bc7c77d2a7eb4c8b0e9b1fd9e d1c1b4f8200f0647d588608f1b019fb9
vfs-5-size = 102663 61300
vfs-6 = 94472cce9c157eda90541f7770cb63af c5282a2f50b02c4da308fa50fc0cc8c4
vfs-6-size = 103604 61915
vfs-7 = 28eb3fc60a428bab79790defd5fc6a06 b7231a878f1cfdbc8ff4eee935000ed7
vfs-7-size = 103591 61878
vfs-8 = 5e65fe9030473a06ad780aa2351410fc cc1c9464c5349f5d49098df326f06936
vfs-8-size = 103514 61852
vfs-9 = ee820384e99819052c5525606befeb6c 51ff5bb809380449ae3385d2f69e0ac0
vfs-9-size = 127635 70339
vfs-10 = 6d808391c9df40c99ca9f4f67a988cea 895f6db748c783ab42a6922d41a562e4
vfs-10-size = 5026 3439
vfs-11 = 27f7f3eb39107651e6538763ac679e41 632433658d0ad61aecbbc25be8ff51bf
vfs-11-size = 170576 95210
vfs-12 = f66b7590693c3f087d4e77c0742be4fa 8794682eb2868fcf0a316b46c9a86907
vfs-12-size = 343412 203015
vfs-13 = 6a38c18394c2e8b7b12839e50a6f68e6 44c6fd8eace7eaa1a9d3c4922c48b006
vfs-13-size = 120711 71951
vfs-14 = c973b584f6d2c622f0f10bd7d199891c 9e10d3b19f335010b55d791fafbf36f7
vfs-14-size = 122157 72806
vfs-15 = 02e5cc19c5f09c35684003a429b0cd76 3b6f5ebb77af75ab56e620289eb14aba
vfs-15-size = 122104 72779
vfs-16 = a0673cc9406bf6d021b512032dbef6f7 55376c2aa1745260fe2f1a12bba2db83
vfs-16-size = 122153 72732
vfs-17 = 029a64b45c1c16cec07185357dc8148c e9cfc45599dcbc2b86e0c172ab51a612
vfs-17-size = 410 377
vfs-18 = fc1b1f50c6c7cf1c98b6db65b30e10ff 018ec0927adfb1af3581cffe9c83892c
vfs-18-size = 189473 113043
vfs-19 = fd137fbb5d0d97f87b93a47bba69c765 5640cde3da1b3f995e244abb3cdcb671
vfs-19-size = 102163 61036
vfs-20 = e2ec7a8bc7c77d2a7eb4c8b0e9b1fd9e d1c1b4f8200f0647d588608f1b019fb9
vfs-20-size = 102663 61300
vfs-21 = 94472cce9c157eda90541f7770cb63af c5282a2f50b02c4da308fa50fc0cc8c4
vfs-21-size = 103604 61915
vfs-22 = 28eb3fc60a428bab79790defd5fc6a06 b7231a878f1cfdbc8ff4eee935000ed7
vfs-22-size = 103591 61878
vfs-23 = 5e65fe9030473a06ad780aa2351410fc cc1c9464c5349f5d49098df326f06936
vfs-23-size = 103514 61852
vfs-24 = 9a7f844a1b9ccac1b4a13d1c6bcebeb2 f11fd63226f63b8e3fa4708f651bf01a
vfs-24-size = 127689 70373
vfs-25 = 6d808391c9df40c99ca9f4f67a988cea 895f6db748c783ab42a6922d41a562e4
vfs-25-size = 5026 3439

