# Build Configuration

root = 0f09c930ab64849cadc7ddee6e7643f3
install = b5577ea6cf204d554fb60b68b54ffa32 c56d2870909e4c5fbdc4774a707fc78e
install-size = 3846632 3737460
download = 210b287243cfa61165bfe60a75857098 9c3dcc3dee0173fd5b2a5052fca62d24
download-size = 484132 446440
size = 5891a4594c17288db901a9bb99275e45 38eb9b452b2eeaf92e90496a5973bcab
size-size = 305567 272755
encoding = 20515d40b087aaac2c05f81d9567b0e9 eae74cf87ede76e1013b7171883a5d26
encoding-size = 1271587 1271759
build-name = 14.0.0.117649.dp-s15-tuning.69bda3e247.Filtered
build-product = Gryphon
build-uid = gryphon
build-token = 7fa307a7-9f38-5061-2496-7d45cfcfe4fe
build-data-compatibility-hash = 3db759b79a6791501a1aa17865095d51
build-data-content-hash = 570c624e29a6046f94c38f674d5e1559
build-full-version = 14.0.0.117649.dp-s15-tuning.69bda3e247
build-version = 14.0.0.117649
build-git-branch = dp-s15-tuning
build-git-commit-hash = 69bda3e247718449ba2b5fdf6da5ce283ec859d4
vfs-root = 97e7622d3d4081f8c22c7ebc567fd0a3 3333f8e134fcea486e505b9e56a24144
vfs-root-size = 178 184
vfs-1 = 97e7622d3d4081f8c22c7ebc567fd0a3 3333f8e134fcea486e505b9e56a24144
vfs-1-size = 178 184
vfs-2 = 108941a7f98bdf596d82da1b954462ea 08f8e6494edb35781a2a74aeb9f8f1af
vfs-2-size = 410 378
vfs-3 = de24813d89f9386d002f9d5e2ecb82da f4560d96ca03020510f230ab40b4af77
vfs-3-size = 189473 113052
vfs-4 = 443e3d4084aa9c974f6a6aace0308f24 0649cbd69fe9106cc118f201d6e7483b
vfs-4-size = 103178 61606
vfs-5 = 922a786174fc22949fd44f43f80d4c9e 65b1a74f35ad1451dd7c4d1b4ccf66bf
vfs-5-size = 103661 61858
vfs-6 = 81e1a9fe8b164a1a014f2dbf3045111d 1da09d92d40da5f5dba0676ecaffb91b
vfs-6-size = 104309 62342
vfs-7 = 20047dbf6ec1bb482b8b45c7a7ced813 4d0d9aaca3acb8be420f39f490245b95
vfs-7-size = 104284 62216
vfs-8 = 7e9cad8d1f52de36d8226a0d26ef368b 773670c4ed4376114385b44f40d2213c
vfs-8-size = 104200 62226
vfs-9 = 640a85d02135eab87c30b64e8cc86873 a3f02089f938a0693605df198ec7a0a7
vfs-9-size = 134084 73285
vfs-10 = 6d808391c9df40c99ca9f4f67a988cea 895f6db748c783ab42a6922d41a562e4
vfs-10-size = 5026 3439
vfs-11 = e0a03186b9fd27ee856cf0c35626053d 8ff7a7e01b634dd482c81f7addb01c8e
vfs-11-size = 168789 94105
vfs-12 = ec25e6054fde051c7b2bb453c2ff4681 a80dbccba815fb28065ab80268d25dde
vfs-12-size = 343412 203016
vfs-13 = 6a38c18394c2e8b7b12839e50a6f68e6 44c6fd8eace7eaa1a9d3c4922c48b006
vfs-13-size = 120711 71951
vfs-14 = f0995293d9d6541b060a58ecad343a62 b8f7b521735fe5054bcf2b8742d8d2e9
vfs-14-size = 121876 72670
vfs-15 = edebda499db7e1198b561134efefd0a3 09c9489d2dfda260306d09290beea51a
vfs-15-size = 121821 72589
vfs-16 = fbc29ad86e90d1b341b6cf4419bab4ec eded7ba6c006a8907e814dc5afcc6b57
vfs-16-size = 121878 72587
vfs-17 = 79c053547fa8ca6f79ced90e5304c58e b5fb7f799a4d83f18e3f401912938bef
vfs-17-size = 410 375
vfs-18 = 51f43f3fd1c6634ac96f54fdadd12cc4 d3763a0b7a0b62db4465b09af2b17f1c
vfs-18-size = 189473 113045
vfs-19 = 443e3d4084aa9c974f6a6aace0308f24 0649cbd69fe9106cc118f201d6e7483b
vfs-19-size = 103178 61606
vfs-20 = 922a786174fc22949fd44f43f80d4c9e 65b1a74f35ad1451dd7c4d1b4ccf66bf
vfs-20-size = 103661 61858
vfs-21 = 81e1a9fe8b164a1a014f2dbf3045111d 1da09d92d40da5f5dba0676ecaffb91b
vfs-21-size = 104309 62342
vfs-22 = 20047dbf6ec1bb482b8b45c7a7ced813 4d0d9aaca3acb8be420f39f490245b95
vfs-22-size = 104284 62216
vfs-23 = 7e9cad8d1f52de36d8226a0d26ef368b 773670c4ed4376114385b44f40d2213c
vfs-23-size = 104200 62226
vfs-24 = fba2c42300ef1064471a1167f4407f5b 022e8b9187748d7ff7a1fcb7c3b208c4
vfs-24-size = 134202 73396
vfs-25 = 6d808391c9df40c99ca9f4f67a988cea 895f6db748c783ab42a6922d41a562e4
vfs-25-size = 5026 3439

