# Build Configuration

root = 44fa7fc6c6fd7b324bcab4fabce0192d
install = 6ff21e954ef7b65c368e797c3dabc539 d396d556c8afd3e2b531cf4f5640a6a4
install-size = 3822933 3714853
download = 0c5fbcba95003d172e6de2a31888aeb5 7c034ac9e5936925d6f87bacfe9f016b
download-size = 478672 441477
size = b1a232992402f74794057f5cca8bef68 9b88842628c690f2e106e778d6e65ba8
size-size = 302123 269533
encoding = 3e76e21513c5419e94d99be882873c6a 5d101b4b6e02ad5536ece813c3dad7fc
encoding-size = 1259203 1259378
build-name = 15.0.0.118616.m15.1.3ae1a6cca3.Filtered
build-product = Gryphon
build-uid = gryphon
build-token = d6cdf718-4c2a-9f68-3887-def0dbb471b5
build-data-compatibility-hash = 1ca44d3ed53d2dc4c22a9741d7481f7c
build-data-content-hash = ed37f6c3cf1fef194404523e0fb8ada7
build-full-version = 15.0.0.118616.m15.1.3ae1a6cca3
build-version = 15.0.0.118616
build-git-branch = m15.1
build-git-commit-hash = 3ae1a6cca3f5095a08582c41188530ca3e72a589
feature-placeholder = true
vfs-root = 640906be66b11065ab28a505d5d832f4 e5c55afddc1762418fe51839d09401b1
vfs-root-size = 178 183
vfs-1 = 640906be66b11065ab28a505d5d832f4 e5c55afddc1762418fe51839d09401b1
vfs-1-size = 178 183
vfs-2 = c8e2d70276c73e5cbedd0ffe92f9d74a 5d5c8bbb5dcf7b45f9c5759da9bbc224
vfs-2-size = 410 380
vfs-3 = db3488aabeb8c6a362e2f5e75ffa0758 c8a11f55d3037a1d14689e41bed85fb5
vfs-3-size = 189473 113052
vfs-4 = fd137fbb5d0d97f87b93a47bba69c765 5640cde3da1b3f995e244abb3cdcb671
vfs-4-size = 102163 61036
vfs-5 = e2ec7a8bc7c77d2a7eb4c8b0e9b1fd9e d1c1b4f8200f0647d588608f1b019fb9
vfs-5-size = 102663 61300
vfs-6 = 94472cce9c157eda90541f7770cb63af c5282a2f50b02c4da308fa50fc0cc8c4
vfs-6-size = 103604 61915
vfs-7 = 28eb3fc60a428bab79790defd5fc6a06 b7231a878f1cfdbc8ff4eee935000ed7
vfs-7-size = 103591 61878
vfs-8 = 5e65fe9030473a06ad780aa2351410fc cc1c9464c5349f5d49098df326f06936
vfs-8-size = 103514 61852
vfs-9 = 7e380163c86c79403d223bccfe509c39 4b2daf92798507bdec9bad177cb8bf28
vfs-9-size = 126510 69691
vfs-10 = 6d808391c9df40c99ca9f4f67a988cea 895f6db748c783ab42a6922d41a562e4
vfs-10-size = 5026 3439
vfs-11 = b974fba6bd88334a1556aec606723cee f9805ecf7dc4c720630914f4d0d64b92
vfs-11-size = 170214 94990
vfs-12 = f66b7590693c3f087d4e77c0742be4fa 8794682eb2868fcf0a316b46c9a86907
vfs-12-size = 343412 203015
vfs-13 = 6a38c18394c2e8b7b12839e50a6f68e6 44c6fd8eace7eaa1a9d3c4922c48b006
vfs-13-size = 120711 71951
vfs-14 = c973b584f6d2c622f0f10bd7d199891c 9e10d3b19f335010b55d791fafbf36f7
vfs-14-size = 122157 72806
vfs-15 = 02e5cc19c5f09c35684003a429b0cd76 3b6f5ebb77af75ab56e620289eb14aba
vfs-15-size = 122104 72779
vfs-16 = a0673cc9406bf6d021b512032dbef6f7 55376c2aa1745260fe2f1a12bba2db83
vfs-16-size = 122153 72732
vfs-17 = 414a08c318ea80a6b68647f203736225 2b3d88f5fb2637d84ada135ca7804151
vfs-17-size = 410 377
vfs-18 = fc1b1f50c6c7cf1c98b6db65b30e10ff 018ec0927adfb1af3581cffe9c83892c
vfs-18-size = 189473 113043
vfs-19 = fd137fbb5d0d97f87b93a47bba69c765 5640cde3da1b3f995e244abb3cdcb671
vfs-19-size = 102163 61036
vfs-20 = e2ec7a8bc7c77d2a7eb4c8b0e9b1fd9e d1c1b4f8200f0647d588608f1b019fb9
vfs-20-size = 102663 61300
vfs-21 = 94472cce9c157eda90541f7770cb63af c5282a2f50b02c4da308fa50fc0cc8c4
vfs-21-size = 103604 61915
vfs-22 = 28eb3fc60a428bab79790defd5fc6a06 b7231a878f1cfdbc8ff4eee935000ed7
vfs-22-size = 103591 61878
vfs-23 = 5e65fe9030473a06ad780aa2351410fc cc1c9464c5349f5d49098df326f06936
vfs-23-size = 103514 61852
vfs-24 = 58db9913fa9a688a11317e062997b301 88dc4a9a65b23ba101b70047d8a84773
vfs-24-size = 126510 69679
vfs-25 = 6d808391c9df40c99ca9f4f67a988cea 895f6db748c783ab42a6922d41a562e4
vfs-25-size = 5026 3439

