# Build Configuration

root = dfd9a88f7b8f1d14939d9f4c4dea5143
install = 01f4320c6cb27bfa118026b724c11a8d 869a37aab81364a286977826f01497e7
install-size = 1857920 1781147
download = 791509a099d181ff9e56d4600c33cdbf a50470c34681727c36ff0e7b60de8b0a
download-size = 359458 329952
size = 4ff6d3af6038374bf441c08943cecf33 8d633b3e93585a3c059df4c0c41bc4dc
size-size = 227603 203480
encoding = 90d4d038a590822e4ad99ba05dbd0aae 677d10f48ace8cc2613d3e7167e15dae
encoding-size = 941346 941515
build-name = 10.0.0.110767.dp-tree-balance.26c2bd8d1a.Filtered
build-product = Gryphon
build-uid = gryphon
build-token = 37c7a994-72ca-f579-a8da-7bf675e65c7a
build-data-compatibility-hash = bf200be7f9c35880b18c2cc8122c04d3
build-data-content-hash = 2914c420b7b2b473c33694c9f0800f7a
build-full-version = 10.0.0.110767.dp-tree-balance.26c2bd8d1a
build-version = 10.0.0.110767
build-git-branch = dp-tree-balance
build-git-commit-hash = 26c2bd8d1a760514417e4f0d31dc92c520d72a50
vfs-root = 36b1906a6d48d4327f6118cf0ae28a94 130ef99e9af16da4fd87743f648c4306
vfs-root-size = 139 149
vfs-1 = 36b1906a6d48d4327f6118cf0ae28a94 130ef99e9af16da4fd87743f648c4306
vfs-1-size = 139 149
vfs-2 = 23c92c12635880ad031c376b58fbb605 67c6afecb2f4b42a4d367d4b5457b2f4
vfs-2-size = 142631 77601
vfs-3 = 1cf83721f3e48c588ff84afe42c7ef1a 818c408d84a5a73cad25ce2528bbfd40
vfs-3-size = 224314 134025
vfs-4 = 310a00180ef48fde3abe13e0f196aa7c 5b4626827a461b02725c75e29b8eaeca
vfs-4-size = 118317 70460
vfs-5 = bebaae972b9aba967a727fe6d0274631 305cc9a0abab104e33ea0d366f17da10
vfs-5-size = 119564 71278
vfs-6 = a9edf10f6700e417d54ceec933fa6792 6f27ecfa1bf7d2afa2bcf04eac853f35
vfs-6-size = 120724 71988
vfs-7 = f733b5a0017e199127d65e5bd3ae6f49 9913976efa01f8935f31892ce3e5475a
vfs-7-size = 120670 71938
vfs-8 = 4caf286ffd4dba3fcdf2cd983a3463ef 8253776f160be33640b9892d93223f6c
vfs-8-size = 120728 71923
vfs-9 = b290b9a60debe154f48c4afeef136f4c 97a9a91f4dad2c526e6199a35516d8c4
vfs-9-size = 4601 3173
vfs-10 = b41f4341b2a4fca7f7d8a110d6b222c0 05b4553d100865d9a8f4893ed655a69b
vfs-10-size = 142631 77601
vfs-11 = 3df7722cbc03dc8d1288cde4aeab92e9 4f65216edc1e292f889ceb65889224fc
vfs-11-size = 224096 133888
vfs-12 = 310a00180ef48fde3abe13e0f196aa7c 5b4626827a461b02725c75e29b8eaeca
vfs-12-size = 118317 70460
vfs-13 = bebaae972b9aba967a727fe6d0274631 305cc9a0abab104e33ea0d366f17da10
vfs-13-size = 119564 71278
vfs-14 = a9edf10f6700e417d54ceec933fa6792 6f27ecfa1bf7d2afa2bcf04eac853f35
vfs-14-size = 120724 71988
vfs-15 = f733b5a0017e199127d65e5bd3ae6f49 9913976efa01f8935f31892ce3e5475a
vfs-15-size = 120670 71938
vfs-16 = 4caf286ffd4dba3fcdf2cd983a3463ef 8253776f160be33640b9892d93223f6c
vfs-16-size = 120728 71923
vfs-17 = b290b9a60debe154f48c4afeef136f4c 97a9a91f4dad2c526e6199a35516d8c4
vfs-17-size = 4601 3173

