# Build Configuration

root = a36bacd361c8f05dbead5414ab789c89
install = 054e015fe9057ff757f55c8ee74bdc48 55807e5a08cc6b511a5b5f2596ecbcdf
install-size = 1795346 1720751
download = 63257097ddaeae0a0191b78434a29bfb 779c7bec6846a7e237b4600ec2d32ff6
download-size = 346108 316882
size = aea08f805a1df933d15f394d9f16938f 8ff6010f69e1ee2bb7413ab222ec2601
size-size = 219158 193978
encoding = dc376c86463ce3bc4577785c34f512b3 5a8ac84445954f2c842858db1b03abfc
encoding-size = 904194 904363
patch-index = 96324a1bc77f4925f07bb84fdff19f04 cb719be526e741f1a393ba36ce282ee7
patch-index-size = 584000 464409
patch = 30ef0f99176cefbd8069f3bf9d749f63
patch-size = 522355
patch-config = f388b3c00479997944f594b12dc04b2c
build-name = 7.0.0.99759.f-season7data.7b75520ee8.Filtered
build-product = Gryphon
build-uid = gryphon
build-token = bacc373d-d5a0-7a91-290c-1fd74d2443ee
build-data-compatibility-hash = 403bc33ced1cef7544b57c87b21c8d96
build-data-content-hash = 4e61ef093e4dd1bf34cbb7724e9e605a
build-full-version = 7.0.0.99759.f-season7data.7b75520ee8
build-version = 7.0.0.99759
build-git-branch = f-season7data
build-git-commit-hash = 7b75520ee8a1fcc0f990006412337eb3594c6251
vfs-root = e486b4535c3979b959698337b0ac67ec 511b2155365e8a8d59ce3d9110a64ecf
vfs-root-size = 173 195
vfs-1 = e486b4535c3979b959698337b0ac67ec 511b2155365e8a8d59ce3d9110a64ecf
vfs-1-size = 173 195
vfs-2 = 068f3b7c8604f7f6462e27fab00444aa 3f25e2cae717e451872382c6b86b0a01
vfs-2-size = 346432 268814
vfs-3 = ab68f5f9a94cc9f2d5cab942fac3b92b 17abe1d2b22814c56acb8eb0b760318a
vfs-3-size = 361224 271634
vfs-4 = f0bd18288776acba0c1bc5b40ae509f1 8989a28b84c3360367503b1dca4349c5
vfs-4-size = 162932 116035
vfs-5 = 430d64fa6a1525af83a156909b7e7626 d0d909d1ea773361902fc07e14c5e1e3
vfs-5-size = 164681 117358
vfs-6 = e65e56fc3558d2ccd28f2cc7fe48f7fd f1c199520472f29c103b79fece78d154
vfs-6-size = 164592 117354
vfs-7 = fd2d61ada86e615fda23833568b56b5e f2c5adfe4898a5ff78c9e1d5b64aabc0
vfs-7-size = 164555 117272
vfs-8 = f6bfa23e1c3901dd1af1007d39476802 bf832c73597ae520a141792a49be0118
vfs-8-size = 164609 117289
vfs-9 = 8c384c4c9a2c7b262b7f97c628373582 0c7a5ee59a1076c15375b93fe39cc79e
vfs-9-size = 5640 4395
vfs-10 = bfa9ca0df1e16440b6e3e39aa3aef742 40f4de51d4b5b0d5af15d9761ac162b0
vfs-10-size = 180598 117461
vfs-11 = 17345b3c070961699d2ca299f4876c4c eee6442d7d29389a1d347aea2a7c504a
vfs-11-size = 360587 271111
vfs-12 = f0bd18288776acba0c1bc5b40ae509f1 8989a28b84c3360367503b1dca4349c5
vfs-12-size = 162932 116035
vfs-13 = 430d64fa6a1525af83a156909b7e7626 d0d909d1ea773361902fc07e14c5e1e3
vfs-13-size = 164681 117358
vfs-14 = e65e56fc3558d2ccd28f2cc7fe48f7fd f1c199520472f29c103b79fece78d154
vfs-14-size = 164592 117354
vfs-15 = fd2d61ada86e615fda23833568b56b5e f2c5adfe4898a5ff78c9e1d5b64aabc0
vfs-15-size = 164555 117272
vfs-16 = f6bfa23e1c3901dd1af1007d39476802 bf832c73597ae520a141792a49be0118
vfs-16-size = 164609 117289
vfs-17 = 8c384c4c9a2c7b262b7f97c628373582 0c7a5ee59a1076c15375b93fe39cc79e
vfs-17-size = 5640 4395

