# Build Configuration

root = e6c32f0a5a4bfb8e9ab14f238150f946
install = f5d6c8d21f95740db6ebbee0657b626a d75abf45601fb39d1891f8c0b092fac3
install-size = 3807841 3699076
download = 823782fc4cb869b60730f0952b838705 10efe8a156e1b90068524ada295a4b13
download-size = 473561 436795
size = 1dfb6e1e17c52dda83fdf4321e676ed2 19088a43fde16db740d29d8694f0202c
size-size = 298893 266728
encoding = 3dc0f5d490d8c54e6f2f98562e89ba90 9c60605c12e8d6104d101b16f6c6f2a2
encoding-size = 1246819 1246992
build-name = 12.1.0.115633.dp-s13-combo.1c9e3f7d78.Filtered
build-product = Gryphon
build-uid = gryphon
build-token = eadcf5d2-0f34-268e-a1dd-94f40aa7c345
build-data-compatibility-hash = e1ebb768f2070b1ee6934dc8dafbaec0
build-data-content-hash = be719b54e272167093b1644fee054ca0
build-full-version = 12.1.0.115633.dp-s13-combo.1c9e3f7d78
build-version = 12.1.0.115633
build-git-branch = dp-s13-combo
build-git-commit-hash = 1c9e3f7d78316450de13de4e1d9bdce6906c2149
vfs-root = d3c94bd2f2e18e6d3a66be5dfe714dcd d18e913cfa44e8b5d431e7b69a2ae21a
vfs-root-size = 178 184
vfs-1 = d3c94bd2f2e18e6d3a66be5dfe714dcd d18e913cfa44e8b5d431e7b69a2ae21a
vfs-1-size = 178 184
vfs-2 = d8df8f106b19205d43283738290a9498 b6089fea3616e73302b90c1d822a8683
vfs-2-size = 410 375
vfs-3 = 8618352f21cc8137eb7c66cc8f4b2fe9 08584b191337a08cfc3aa1db8bd69616
vfs-3-size = 189473 113065
vfs-4 = 824f6542def445a14f4f5cf3d70d5ab1 451b43c6cb7eee3342790a381e322455
vfs-4-size = 102842 61433
vfs-5 = 29e30b8fb07a965cf7eea1c8028f9867 6f0636551223743f05c601df9d8778d8
vfs-5-size = 103325 61675
vfs-6 = 70ff00a589ce2292e57f95d0a3624bb9 9001a41fe9f7a0560d8da79c13c37635
vfs-6-size = 103973 62109
vfs-7 = dbc299739a10f87c31945c1e5c31fb51 7f5f06573d31bd392023b7523353f446
vfs-7-size = 103948 62029
vfs-8 = 9f9beb9155315f08e8f99acc9ba33e1b cd6a9d1114c44561f1b17c2c44021187
vfs-8-size = 103864 62025
vfs-9 = 9dae8f4de11440d882714f781a563875 7a4f724f047f735dc509ebf4054f9223
vfs-9-size = 125742 69062
vfs-10 = eac6b830d6820da9bd189e3fa4e64abc c83fdba0a6d26f513d58ae56a9a63be2
vfs-10-size = 4977 3410
vfs-11 = f182d9be78a8c64b9c7e235fa529b322 03c5ae533413b2b06bb0652fb010fc4f
vfs-11-size = 162573 90763
vfs-12 = 810806351b3d4acfbcedad9d0f912cb6 3b6756bcadead451dce6f4a6eb0dbe10
vfs-12-size = 343073 202862
vfs-13 = dcbb625b0f009e6ecbcdaedf025fd51d 8219a6f1aa9dfa6a405521b6388cfd08
vfs-13-size = 120375 71746
vfs-14 = d9d1f16f60eda39879a648f33e771dee 73a7b085efa28f36ee54b0ed6a85a980
vfs-14-size = 121540 72467
vfs-15 = 9e3259cfbf0429987ed85ec190c7bf4d f085853f12ec42ebc280c45ce5d395d4
vfs-15-size = 121497 72401
vfs-16 = 5998b0c1e237ae030a8d087077d1c5bc f134865ddd99f438c57e993f90a67605
vfs-16-size = 121542 72396
vfs-17 = 9e9b30baae0db26b79cbe39d7b785bfb 91217b1823b873c8c60ae185eb61397c
vfs-17-size = 410 376
vfs-18 = 48ef591f6cef135a57cef0472f40625d 2e1d3d4928c4196f89260ca7af9a94be
vfs-18-size = 189473 113062
vfs-19 = 824f6542def445a14f4f5cf3d70d5ab1 451b43c6cb7eee3342790a381e322455
vfs-19-size = 102842 61433
vfs-20 = 29e30b8fb07a965cf7eea1c8028f9867 6f0636551223743f05c601df9d8778d8
vfs-20-size = 103325 61675
vfs-21 = 70ff00a589ce2292e57f95d0a3624bb9 9001a41fe9f7a0560d8da79c13c37635
vfs-21-size = 103973 62109
vfs-22 = dbc299739a10f87c31945c1e5c31fb51 7f5f06573d31bd392023b7523353f446
vfs-22-size = 103948 62029
vfs-23 = 9f9beb9155315f08e8f99acc9ba33e1b cd6a9d1114c44561f1b17c2c44021187
vfs-23-size = 103864 62025
vfs-24 = db80248142b92dcace285f3a02e7101a 79fcf71e252aaaecdef67deb6c4cf309
vfs-24-size = 125806 69127
vfs-25 = eac6b830d6820da9bd189e3fa4e64abc c83fdba0a6d26f513d58ae56a9a63be2
vfs-25-size = 4977 3410

