# Build Configuration

root = d2bb5a17630587ff74b1f942cdbcdc77
install = 80b6d135ea79db59376b2ae6945bad67 57f91f35178bf7bed6a57835b9b62571
install-size = 3847255 3738102
download = 72c3b0e6e6d1b520d002e933a4f40a3d 3b5d9c2e9dacafe62df56e1e517e17fe
download-size = 484327 446607
size = 79df15499daf64128ace6d276cb39be3 1aa5230f69aae4034dcbc20eb2a7f99a
size-size = 305690 272923
encoding = 34615ecc96f3511d70a4acc3a45de458 8e652112cd528a651c736ad5a99c97a6
encoding-size = 1271587 1271761
build-name = 14.0.0.117588.dp-evergreen.f833feec22.Filtered
build-product = Gryphon
build-uid = gryphon
build-token = 28fba700-21b4-355d-b5fe-66aebd3e46a1
build-data-compatibility-hash = 1883c84de5bfb6ad4f06160a2a92c75a
build-data-content-hash = 4e576f9f5e7dcee7081ddef4381c39af
build-full-version = 14.0.0.117588.dp-evergreen.f833feec22
build-version = 14.0.0.117588
build-git-branch = dp-evergreen
build-git-commit-hash = f833feec22b7c813f049f2d779bc734cc013dbf4
vfs-root = 88e093da7c984d099ed9f55bcae88c52 a21842c9246dff426b74b89276940192
vfs-root-size = 178 184
vfs-1 = 88e093da7c984d099ed9f55bcae88c52 a21842c9246dff426b74b89276940192
vfs-1-size = 178 184
vfs-2 = 2397e79db5e0fc272e6148c286c95ca8 70934e0a9513c3b48f3972ffe9fb6795
vfs-2-size = 410 378
vfs-3 = de24813d89f9386d002f9d5e2ecb82da f4560d96ca03020510f230ab40b4af77
vfs-3-size = 189473 113052
vfs-4 = 443e3d4084aa9c974f6a6aace0308f24 0649cbd69fe9106cc118f201d6e7483b
vfs-4-size = 103178 61606
vfs-5 = 922a786174fc22949fd44f43f80d4c9e 65b1a74f35ad1451dd7c4d1b4ccf66bf
vfs-5-size = 103661 61858
vfs-6 = 81e1a9fe8b164a1a014f2dbf3045111d 1da09d92d40da5f5dba0676ecaffb91b
vfs-6-size = 104309 62342
vfs-7 = 20047dbf6ec1bb482b8b45c7a7ced813 4d0d9aaca3acb8be420f39f490245b95
vfs-7-size = 104284 62216
vfs-8 = 7e9cad8d1f52de36d8226a0d26ef368b 773670c4ed4376114385b44f40d2213c
vfs-8-size = 104200 62226
vfs-9 = 8409436ea04b0deaf5cbfbf5ff3914f7 91f8cf537a590e207f6bbaff5d0df635
vfs-9-size = 134313 73384
vfs-10 = 6d808391c9df40c99ca9f4f67a988cea 895f6db748c783ab42a6922d41a562e4
vfs-10-size = 5026 3439
vfs-11 = 285f31af8740771c52420a42f903acc7 de3d32770a9a2b893b8d652cb0fbf91f
vfs-11-size = 168789 94078
vfs-12 = 1ea32018ba205f130297d12614817d3b dca512b1411885cadcc43089f2737d45
vfs-12-size = 343412 203019
vfs-13 = 6a38c18394c2e8b7b12839e50a6f68e6 44c6fd8eace7eaa1a9d3c4922c48b006
vfs-13-size = 120711 71951
vfs-14 = f0995293d9d6541b060a58ecad343a62 b8f7b521735fe5054bcf2b8742d8d2e9
vfs-14-size = 121876 72670
vfs-15 = edebda499db7e1198b561134efefd0a3 09c9489d2dfda260306d09290beea51a
vfs-15-size = 121821 72589
vfs-16 = fbc29ad86e90d1b341b6cf4419bab4ec eded7ba6c006a8907e814dc5afcc6b57
vfs-16-size = 121878 72587
vfs-17 = 5fa3c0d58ce5ac16109ce7642316c44a f9c19899d8c5cae6fd46d4f79f2b2e02
vfs-17-size = 410 375
vfs-18 = 51f43f3fd1c6634ac96f54fdadd12cc4 d3763a0b7a0b62db4465b09af2b17f1c
vfs-18-size = 189473 113045
vfs-19 = 443e3d4084aa9c974f6a6aace0308f24 0649cbd69fe9106cc118f201d6e7483b
vfs-19-size = 103178 61606
vfs-20 = 922a786174fc22949fd44f43f80d4c9e 65b1a74f35ad1451dd7c4d1b4ccf66bf
vfs-20-size = 103661 61858
vfs-21 = 81e1a9fe8b164a1a014f2dbf3045111d 1da09d92d40da5f5dba0676ecaffb91b
vfs-21-size = 104309 62342
vfs-22 = 20047dbf6ec1bb482b8b45c7a7ced813 4d0d9aaca3acb8be420f39f490245b95
vfs-22-size = 104284 62216
vfs-23 = 7e9cad8d1f52de36d8226a0d26ef368b 773670c4ed4376114385b44f40d2213c
vfs-23-size = 104200 62226
vfs-24 = a52790fe0587c104a3c9b51452d1f3f4 0222132bdd3fafe5ed5a2ebafb3c89b8
vfs-24-size = 134431 73481
vfs-25 = 6d808391c9df40c99ca9f4f67a988cea 895f6db748c783ab42a6922d41a562e4
vfs-25-size = 5026 3439

