# Build Configuration

root = b09a4643849d77206644164135da2657
install = c175deaadcee57af3d75b94e9ad3c852 748db7a441360f8ad3cc289836751134
install-size = 3772746 3666064
download = 066654f323191e4ab9d6cd8910c183e4 bdf091d372d9152bf39632c56254592f
download-size = 464330 428457
size = 0d14e52810a11033274190346c7895a2 e35d6779ab23b437fbce37c07a430e16
size-size = 293073 261561
encoding = 1f57337ed1ddcfd8855994021adb2808 e7ed69f40574290b8472b93be0404014
encoding-size = 1222051 1222224
build-name = 11.2.0.113834.m11.2.eaabf55764.Filtered
build-product = Gryphon
build-uid = gryphon
build-token = 206b2c24-7a5f-6327-4066-3880a7d85dbc
build-data-compatibility-hash = 2d445c5c9e0ee8eaf32c4dd1a1397b45
build-data-content-hash = e470943063b85e81186c3d7d10806107
build-full-version = 11.2.0.113834.m11.2.eaabf55764
build-version = 11.2.0.113834
build-git-branch = m11.2
build-git-commit-hash = eaabf5576467edea1d846cf8e08719a82096db2b
vfs-root = dcce214c46188c6530476e8403a44645 5a682467249f076894044e8634f7edee
vfs-root-size = 178 184
vfs-1 = dcce214c46188c6530476e8403a44645 5a682467249f076894044e8634f7edee
vfs-1-size = 178 184
vfs-2 = c5bbfe87c4fcf44948b3f81473fba7b9 c908db900d5f78bd22fcab7da852e7ed
vfs-2-size = 410 378
vfs-3 = 2ad184ed6d6347777406fee1014ebb3d 615367692e41f093877cd3d233fbdcee
vfs-3-size = 189473 113051
vfs-4 = 789794977067354de04f51d286972ece c127efb6d505ef4b5486dc7710142bbc
vfs-4-size = 102365 61089
vfs-5 = 4958f4767b12853a150c5726ae6ac1fe c37f26193d3202cbe26d1626d556741f
vfs-5-size = 102848 61376
vfs-6 = 4fcfce444a52e2ed92e17a7ec5158db1 d4bb4cfa93843b0902b948c426e5deb3
vfs-6-size = 103499 61815
vfs-7 = 1f76a839b03a28104a4ee6107f0a6769 376f65380cfe91850e39435a945a7193
vfs-7-size = 103451 61733
vfs-8 = f13f701bb806765da7185b1eb0d690bf 3f9c91aba6f910aea1c9f40d7ec98de8
vfs-8-size = 103395 61765
vfs-9 = 4c7f792d9e0ebd7ea218fbb0635e6f39 e58c8bd0bdd1724fd75155abd224da0e
vfs-9-size = 119303 65596
vfs-10 = 1878076287882c99bda32a209cf77fc8 faec85ec2b2e540c4306c45252f7f8fb
vfs-10-size = 4876 3346
vfs-11 = f36068a7d69648556e049624794f02ac a1c5fa9555cc59e5aa2fd004419dff3a
vfs-11-size = 157128 87709
vfs-12 = f9b63c1ca7817ccbb88457a553a03624 8cef5f08a221fa31a448b586ad7c91b6
vfs-12-size = 342602 202598
vfs-13 = 14120e27df6239661336e7f747e8724a 6a205ce3aff4695249a3840d306a25a0
vfs-13-size = 119900 71478
vfs-14 = 4815247d2bb6565446ba62a0919e33ea 59c6891bb2409f457cef583d02820a24
vfs-14-size = 121066 72171
vfs-15 = 53ca98fe0b1baced79dcf8158fed6ce4 1eef3943ded1e209f7469f6d9e22b134
vfs-15-size = 121012 72146
vfs-16 = 6fecae2cf5dd128dd8404613b7b12911 211d27635231e9b0366212b8fa71ef8f
vfs-16-size = 121073 72136
vfs-17 = 2475f4b7f1eec101a9407c8a89424cf0 1ac0376cc29f2b943a5b4674f9ff58ae
vfs-17-size = 410 379
vfs-18 = 9c58f17b77525cb992b2078287a091c9 591352a1aa5cdead6a69f3afdcb820eb
vfs-18-size = 189473 113060
vfs-19 = 789794977067354de04f51d286972ece c127efb6d505ef4b5486dc7710142bbc
vfs-19-size = 102365 61089
vfs-20 = 4958f4767b12853a150c5726ae6ac1fe c37f26193d3202cbe26d1626d556741f
vfs-20-size = 102848 61376
vfs-21 = 4fcfce444a52e2ed92e17a7ec5158db1 d4bb4cfa93843b0902b948c426e5deb3
vfs-21-size = 103499 61815
vfs-22 = 1f76a839b03a28104a4ee6107f0a6769 376f65380cfe91850e39435a945a7193
vfs-22-size = 103451 61733
vfs-23 = f13f701bb806765da7185b1eb0d690bf 3f9c91aba6f910aea1c9f40d7ec98de8
vfs-23-size = 103395 61765
vfs-24 = e5d68c7e350799bb67fb9d3577389257 d99e7ea55b08a83f1a180b7d32146f2b
vfs-24-size = 119303 65664
vfs-25 = 1878076287882c99bda32a209cf77fc8 faec85ec2b2e540c4306c45252f7f8fb
vfs-25-size = 4876 3346

