# Build Configuration

root = 1c9afeebacf24c668e3259095e7a66d9
install = 10c8c5f489d5212d40a9735c9a621dc2 b05db288e838fd6e4642b7c3aff75186
install-size = 4099902 3968648
download = 1fbfa68be65e49a012e1dea204b3681f e8439c1f7068344acf701e88f31328f0
download-size = 492391 452024
size = 9f8b39b8e51e0e29ea8c8ee13b3b60f7 b3529861b3267510a862c9691495a560
size-size = 312620 278635
encoding = bb6eaa692b8da59eb98a9065156c565d f1c05038e331bd9cc9d13134e18aee2c
encoding-size = 1279843 1280016
build-name = 11.0.0.111384.dp-winter-combo.18fae84128.Filtered
build-product = Gryphon
build-uid = gryphon
build-token = c1ce7756-30d3-7f91-354e-76251038e1ed
build-data-compatibility-hash = 193c8b973bf8dfd292138026fdf11cb8
build-data-content-hash = 925218a4a413118a315bf3f8eec70f35
build-full-version = 11.0.0.111384.dp-winter-combo.18fae84128
build-version = 11.0.0.111384
build-git-branch = dp-winter-combo
build-git-commit-hash = 18fae84128df1994e2b5f4f1922e2f662b798847
vfs-root = a755b71224e2e71d66f4e694974c4c7d 568cb560f50e1fc2eb37ab67957d9ede
vfs-root-size = 178 183
vfs-1 = a755b71224e2e71d66f4e694974c4c7d 568cb560f50e1fc2eb37ab67957d9ede
vfs-1-size = 178 183
vfs-2 = d5d8be851e2a86e5b3a09cf5089aa63f 9e3273f34d0e936569b3a76a4ddbd3ec
vfs-2-size = 410 375
vfs-3 = 1cf83721f3e48c588ff84afe42c7ef1a 818c408d84a5a73cad25ce2528bbfd40
vfs-3-size = 224314 134025
vfs-4 = 310a00180ef48fde3abe13e0f196aa7c 5b4626827a461b02725c75e29b8eaeca
vfs-4-size = 118317 70460
vfs-5 = bebaae972b9aba967a727fe6d0274631 305cc9a0abab104e33ea0d366f17da10
vfs-5-size = 119564 71278
vfs-6 = a9edf10f6700e417d54ceec933fa6792 6f27ecfa1bf7d2afa2bcf04eac853f35
vfs-6-size = 120724 71988
vfs-7 = f733b5a0017e199127d65e5bd3ae6f49 9913976efa01f8935f31892ce3e5475a
vfs-7-size = 120670 71938
vfs-8 = 4caf286ffd4dba3fcdf2cd983a3463ef 8253776f160be33640b9892d93223f6c
vfs-8-size = 120728 71923
vfs-9 = d7a0e1b33b83a3d312672fe13c6f692d 1a800482059f550bed87c4e3994f32a5
vfs-9-size = 142811 77857
vfs-10 = 9317dfc6861e164c9a58774ed3a29885 0c387373fd4c5e4b69f4f3739356b88a
vfs-10-size = 4694 3228
vfs-11 = aa9ffe5144b328bef7718e6df9482044 bad1f29054afe87931a4b497a167f839
vfs-11-size = 154846 86310
vfs-12 = 60327c8e75649e6cea1c3e827c505a4f 5521f6fc335cf72808524a434326f9a4
vfs-12-size = 342260 202387
vfs-13 = 7bbc6d1381ea8496a8138ca16d5ad923 af18e7f9b8ff7c7aa788c3ef7630b64d
vfs-13-size = 119564 71290
vfs-14 = 708a3606025213ca59e928ab1d5253ed 0d6877879ce27ba75794ca06bb9fc91d
vfs-14-size = 120724 72000
vfs-15 = c23bb03ed8697a2ac1330c94fcdb2271 a90a6c8610122267ea1507372dee9f5a
vfs-15-size = 120670 71957
vfs-16 = ccac9edccf00f1cc0c5565f5f8a5a8fb fa34ed021cdfd28a0b8aa0d724b6124e
vfs-16-size = 120728 71931
vfs-17 = 1d5efba908dbcb96832a689849c4ff4f a36aeea71d617e3d550e4cd6f58c2d01
vfs-17-size = 410 376
vfs-18 = 3df7722cbc03dc8d1288cde4aeab92e9 4f65216edc1e292f889ceb65889224fc
vfs-18-size = 224096 133888
vfs-19 = 310a00180ef48fde3abe13e0f196aa7c 5b4626827a461b02725c75e29b8eaeca
vfs-19-size = 118317 70460
vfs-20 = bebaae972b9aba967a727fe6d0274631 305cc9a0abab104e33ea0d366f17da10
vfs-20-size = 119564 71278
vfs-21 = a9edf10f6700e417d54ceec933fa6792 6f27ecfa1bf7d2afa2bcf04eac853f35
vfs-21-size = 120724 71988
vfs-22 = f733b5a0017e199127d65e5bd3ae6f49 9913976efa01f8935f31892ce3e5475a
vfs-22-size = 120670 71938
vfs-23 = 4caf286ffd4dba3fcdf2cd983a3463ef 8253776f160be33640b9892d93223f6c
vfs-23-size = 120728 71923
vfs-24 = 392541fb3e3ad89a66f792a30b67b9d4 fbd2fb7a34f954e76d85b5c28e0e922c
vfs-24-size = 142811 77879
vfs-25 = 9317dfc6861e164c9a58774ed3a29885 0c387373fd4c5e4b69f4f3739356b88a
vfs-25-size = 4694 3228

