# Build Configuration

root = 780cd3b44c211cff1eaf385ae8694aeb
install = 80d0264a2c9524691564be25dc6addba e22998f4240b1873b80897858cc6b645
install-size = 4099211 3967019
download = deb810292c9b01b28e26c05f3be8e66c 3932299041993db6e883b705711da45a
download-size = 492281 450956
size = 0fb332a91146b2a2a4c94a2241aa3199 12ba1c9c901409e14b371c12af37af7f
size-size = 312555 277293
encoding = c04945bec83757c7b651493381488f3f d5c8b637b3c3f259ba609647dec05ab4
encoding-size = 1279843 1280017
build-name = 11.0.0.110867.m11.4b87cba55f.Filtered
build-product = Gryphon
build-uid = gryphon
build-token = 17c801f2-3b3e-05ab-0700-d957f65b8e4b
build-data-compatibility-hash = 3e8d8ce404bbd690668631452df1f627
build-data-content-hash = e71f427cb32ae979a94f955038470cb3
build-full-version = 11.0.0.110867.m11.4b87cba55f
build-version = 11.0.0.110867
build-git-branch = m11
build-git-commit-hash = 4b87cba55f3ed0919859e53910e3869761df6254
vfs-root = 0445b766cd011f3f2922a68a4db67200 f8939619d4dfde5af00840ea46fce0d9
vfs-root-size = 178 181
vfs-1 = 0445b766cd011f3f2922a68a4db67200 f8939619d4dfde5af00840ea46fce0d9
vfs-1-size = 178 181
vfs-2 = 0f90871ca91aa2937ee3d67cbd0c0b19 da8b85d5339bf4ba2881cdd51387b1b9
vfs-2-size = 410 377
vfs-3 = 1cf83721f3e48c588ff84afe42c7ef1a 818c408d84a5a73cad25ce2528bbfd40
vfs-3-size = 224314 134025
vfs-4 = 310a00180ef48fde3abe13e0f196aa7c 5b4626827a461b02725c75e29b8eaeca
vfs-4-size = 118317 70460
vfs-5 = bebaae972b9aba967a727fe6d0274631 305cc9a0abab104e33ea0d366f17da10
vfs-5-size = 119564 71278
vfs-6 = a9edf10f6700e417d54ceec933fa6792 6f27ecfa1bf7d2afa2bcf04eac853f35
vfs-6-size = 120724 71988
vfs-7 = f733b5a0017e199127d65e5bd3ae6f49 9913976efa01f8935f31892ce3e5475a
vfs-7-size = 120670 71938
vfs-8 = 4caf286ffd4dba3fcdf2cd983a3463ef 8253776f160be33640b9892d93223f6c
vfs-8-size = 120728 71923
vfs-9 = cda7c0b17db1c347298bcfeede48103f d91576175e3035362f1f34922bd4924a
vfs-9-size = 142748 77807
vfs-10 = b290b9a60debe154f48c4afeef136f4c 97a9a91f4dad2c526e6199a35516d8c4
vfs-10-size = 4601 3173
vfs-11 = 3775a1d6c3021ec6a16bf31088efc923 a99581e882328ed29ea0988293adde02
vfs-11-size = 154690 86194
vfs-12 = 8ad6f6b0cbaa90e8370cd07435ee471e 7a2edd2af93bf3f44cb30ac31d02b958
vfs-12-size = 342260 202397
vfs-13 = 7bbc6d1381ea8496a8138ca16d5ad923 af18e7f9b8ff7c7aa788c3ef7630b64d
vfs-13-size = 119564 71290
vfs-14 = 708a3606025213ca59e928ab1d5253ed 0d6877879ce27ba75794ca06bb9fc91d
vfs-14-size = 120724 72000
vfs-15 = c23bb03ed8697a2ac1330c94fcdb2271 a90a6c8610122267ea1507372dee9f5a
vfs-15-size = 120670 71957
vfs-16 = ccac9edccf00f1cc0c5565f5f8a5a8fb fa34ed021cdfd28a0b8aa0d724b6124e
vfs-16-size = 120728 71931
vfs-17 = 0d5f4ea628c179240d4ef56726e154d1 9c1dd1c4c36f2d28bc48df2e58d925d4
vfs-17-size = 410 377
vfs-18 = 3df7722cbc03dc8d1288cde4aeab92e9 4f65216edc1e292f889ceb65889224fc
vfs-18-size = 224096 133888
vfs-19 = 310a00180ef48fde3abe13e0f196aa7c 5b4626827a461b02725c75e29b8eaeca
vfs-19-size = 118317 70460
vfs-20 = bebaae972b9aba967a727fe6d0274631 305cc9a0abab104e33ea0d366f17da10
vfs-20-size = 119564 71278
vfs-21 = a9edf10f6700e417d54ceec933fa6792 6f27ecfa1bf7d2afa2bcf04eac853f35
vfs-21-size = 120724 71988
vfs-22 = f733b5a0017e199127d65e5bd3ae6f49 9913976efa01f8935f31892ce3e5475a
vfs-22-size = 120670 71938
vfs-23 = 4caf286ffd4dba3fcdf2cd983a3463ef 8253776f160be33640b9892d93223f6c
vfs-23-size = 120728 71923
vfs-24 = 28fcf4857e326077d5490dc2c017a9e7 515b8ce181dfd3fec34b897b553d3de8
vfs-24-size = 142748 77823
vfs-25 = b290b9a60debe154f48c4afeef136f4c 97a9a91f4dad2c526e6199a35516d8c4
vfs-25-size = 4601 3173

