# Build Configuration

root = a1b2f401dc407c27fa394ca63c4b48d6
install = 4edb61049c584cfc2a932840faf44244 9a82eec229ab3c2a0003f6a004efab06
install-size = 1743679 1665962
download = 787b07fe412f1f62d4e9e15e71c5ce1d 30840f44142f510ba32fd9246767a08b
download-size = 314488 285907
size = 4465c21b4d41b19471dc7fa1fac1ca53 d2aa58c2c61cc00d91a744223631c074
size-size = 199148 175160
encoding = 755ec926f740190dc79b50fe10cc947f 3df0af80fea73be130c8a24368fdae29
encoding-size = 821634 821806
patch-index = f293a5f4aacdf8d5c79be43ed2103081 8df80caaac4de3c6bce33380ad7e61a3
patch-index-size = 2487 2260
patch = b5da10541f3547b4945cb311e708b1c8
patch-size = 2477
patch-config = ec03b16590020ce835d99871bf991bb8
build-name = 4.5.0.89558.dp-tome.8213fdc225.Filtered
build-product = Gryphon
build-uid = gryphon
build-token = e724108b-f1f8-e3d0-9dff-ee7001206835
build-data-compatibility-hash = e0f4f520baf46524dd7aa390dc4785dc
build-data-content-hash = 21f490887b9d1739c8aa10de7b74059f
build-full-version = 4.5.0.89558.dp-tome.8213fdc225
build-version = 4.5.0.89558
build-git-branch = dp-tome
build-git-commit-hash = 8213fdc225d1d9b7669647870ce9e2b94e09e162
vfs-root = b43c49ee2158c5c9ad2048ff51456344 37889e6436d7b88db5149ab1d436ff52
vfs-root-size = 173 194
vfs-1 = b43c49ee2158c5c9ad2048ff51456344 37889e6436d7b88db5149ab1d436ff52
vfs-1-size = 173 194
vfs-2 = 4bd55be22347c64f30ad791475d3be2f 4c774d53dac3b3f4695f452cc96a54b5
vfs-2-size = 159994 104039
vfs-3 = 252d6e63831e8a573edcbfaba42cc92b 9091f0f9835af1ab6f38059e28a4f25a
vfs-3-size = 279390 198332
vfs-4 = 4bca0102ad22c329665438d038f0b89a a21a72770fed750168a8456cd1634e58
vfs-4-size = 148034 102973
vfs-5 = c7925472b29d0103d3b81fca14e74c4d e48223623c156e7e92bcedd2e61cd562
vfs-5-size = 153611 107062
vfs-6 = 6c870ddf0ac7927ed60442493be62d84 e7525b44f705496feda2634ef718a3f1
vfs-6-size = 153504 107067
vfs-7 = d8ac446fcfd20a59f678b65ee03805a3 fd11ce665fd376aa673289bba74b82c5
vfs-7-size = 153441 106978
vfs-8 = ed01e5cf0a46a2acdb6a978e78366a37 af73bd219a5d943f42c0e27723bce4b1
vfs-8-size = 153231 106855
vfs-9 = b1a627f0bf53e6bb76e0a9a8cb952aa1 ca23e726e6ca8aa9f1200810f8401cb5
vfs-9-size = 5119 3987
vfs-10 = ec81e02d5deaa88a78c19ee150391402 340bb3ce3befbbfbfb5e4cf76d7b570f
vfs-10-size = 158914 103059
vfs-11 = 1250ad0bcb3079979ddc71705db58690 4701916f813d236ae0008a67828eb4fe
vfs-11-size = 279390 198327
vfs-12 = 4bca0102ad22c329665438d038f0b89a a21a72770fed750168a8456cd1634e58
vfs-12-size = 148034 102973
vfs-13 = c7925472b29d0103d3b81fca14e74c4d e48223623c156e7e92bcedd2e61cd562
vfs-13-size = 153611 107062
vfs-14 = 6c870ddf0ac7927ed60442493be62d84 e7525b44f705496feda2634ef718a3f1
vfs-14-size = 153504 107067
vfs-15 = d8ac446fcfd20a59f678b65ee03805a3 fd11ce665fd376aa673289bba74b82c5
vfs-15-size = 153441 106978
vfs-16 = ed01e5cf0a46a2acdb6a978e78366a37 af73bd219a5d943f42c0e27723bce4b1
vfs-16-size = 153231 106855
vfs-17 = b1a627f0bf53e6bb76e0a9a8cb952aa1 ca23e726e6ca8aa9f1200810f8401cb5
vfs-17-size = 5119 3987

