# Build Configuration

root = ada238252a6cadf288bd023e383d83d4
install = 1db9d8fb9499f87e2ce11db8e5efa76b cbe0ed2e93b240e90045379c09f1b3c2
install-size = 1857554 1780909
download = 98786916221e7ecbf3503a881ed97150 75c0655d738a2f842aabfdf9a5f47830
download-size = 364380 334108
size = 9fbf35215c39aa11904d0d97239a6654 052a3326264d893306246ca8ec0d3de6
size-size = 230716 205172
encoding = 04a46ac822cb41ae05616ca78801808e ebfb839805324d224f83403e24142e1a
encoding-size = 953730 953899
build-name = 10.0.0.109474.dp-sylv-ui.74b84bcef0.Filtered
build-product = Gryphon
build-uid = gryphon
build-token = b64ca765-a682-265b-3dee-8fcef42ee4da
build-data-compatibility-hash = 3a89bd058ea34cb8bfc001fbb30b49bc
build-data-content-hash = e2ab2a7be3de5f77cc34c398879a1002
build-full-version = 10.0.0.109474.dp-sylv-ui.74b84bcef0
build-version = 10.0.0.109474
build-git-branch = dp-sylv-ui
build-git-commit-hash = 74b84bcef0a3d0c53f2ea897b0e6d8e8f9cc2ab2
vfs-root = bf10c85dd4bfbf46ed7efa13a8482ebe d199edf129a1d088c3732c5cb8300db6
vfs-root-size = 139 153
vfs-1 = bf10c85dd4bfbf46ed7efa13a8482ebe d199edf129a1d088c3732c5cb8300db6
vfs-1-size = 139 153
vfs-2 = 123163f9a829b3a87b2e92fb2ccd8db5 1a12fc8e87cbecacc67f44ba65c96920
vfs-2-size = 148688 80406
vfs-3 = 1cf83721f3e48c588ff84afe42c7ef1a 818c408d84a5a73cad25ce2528bbfd40
vfs-3-size = 224314 134025
vfs-4 = 310a00180ef48fde3abe13e0f196aa7c 5b4626827a461b02725c75e29b8eaeca
vfs-4-size = 118317 70460
vfs-5 = bebaae972b9aba967a727fe6d0274631 305cc9a0abab104e33ea0d366f17da10
vfs-5-size = 119564 71278
vfs-6 = a9edf10f6700e417d54ceec933fa6792 6f27ecfa1bf7d2afa2bcf04eac853f35
vfs-6-size = 120724 71988
vfs-7 = f733b5a0017e199127d65e5bd3ae6f49 9913976efa01f8935f31892ce3e5475a
vfs-7-size = 120670 71938
vfs-8 = 4caf286ffd4dba3fcdf2cd983a3463ef 8253776f160be33640b9892d93223f6c
vfs-8-size = 120728 71923
vfs-9 = 5736a5f2d7155bd90948e8485964f9a3 b190a0b20ce6c87699f60ba9d589d662
vfs-9-size = 4459 3080
vfs-10 = 05e3e0c2da22d19bdb1a838cab047653 2323c80f6a8746c981542403d358107a
vfs-10-size = 148688 80381
vfs-11 = 3df7722cbc03dc8d1288cde4aeab92e9 4f65216edc1e292f889ceb65889224fc
vfs-11-size = 224096 133888
vfs-12 = 310a00180ef48fde3abe13e0f196aa7c 5b4626827a461b02725c75e29b8eaeca
vfs-12-size = 118317 70460
vfs-13 = bebaae972b9aba967a727fe6d0274631 305cc9a0abab104e33ea0d366f17da10
vfs-13-size = 119564 71278
vfs-14 = a9edf10f6700e417d54ceec933fa6792 6f27ecfa1bf7d2afa2bcf04eac853f35
vfs-14-size = 120724 71988
vfs-15 = f733b5a0017e199127d65e5bd3ae6f49 9913976efa01f8935f31892ce3e5475a
vfs-15-size = 120670 71938
vfs-16 = 4caf286ffd4dba3fcdf2cd983a3463ef 8253776f160be33640b9892d93223f6c
vfs-16-size = 120728 71923
vfs-17 = 5736a5f2d7155bd90948e8485964f9a3 b190a0b20ce6c87699f60ba9d589d662
vfs-17-size = 4459 3080

