# Build Configuration

root = 507b80b0f9d898949922a91bdd1fe05d
install = 7d2a0037afac9884663f4080420f0f32 7553cce6302ecb4e27717527bad2459c
install-size = 3813978 3705767
download = f693d524176c6ae52610c2d7e9559879 d97b909b5baf6e910d6b533da832fe08
download-size = 476096 439124
size = 4527e912ee78b6d958a7d623ba65125b af0f63810f5c6a89434bb247854ba364
size-size = 300492 268282
encoding = ffcad8de138cbb20f2f52819f1f48fee 63cae42fc2f93cd95ca09e186656c9a1
encoding-size = 1250947 1251122
build-name = 12.0.0.115440.dp-april-fools.7ad4c66568.Filtered
build-product = Gryphon
build-uid = gryphon
build-token = 3b8fec69-8d98-3de4-6694-ee47ebf346b9
build-data-compatibility-hash = 943376ee41d444d626428cd50acd5ea4
build-data-content-hash = 0aa231ccc04c922ad96f2ce02683b9be
build-full-version = 12.0.0.115440.dp-april-fools.7ad4c66568
build-version = 12.0.0.115440
build-git-branch = dp-april-fools
build-git-commit-hash = 7ad4c665683e01802b712227d34d13f856cd585e
vfs-root = 3b3ee47dbd53dde91470e82fefe45330 877ba59a1ce72b2ed403a2cefd004189
vfs-root-size = 178 181
vfs-1 = 3b3ee47dbd53dde91470e82fefe45330 877ba59a1ce72b2ed403a2cefd004189
vfs-1-size = 178 181
vfs-2 = c1d8f504aab7f8893eb2b6d2f88ffe5e 1cddbfeaf000f6d51531e405125eeb4a
vfs-2-size = 410 376
vfs-3 = 8618352f21cc8137eb7c66cc8f4b2fe9 08584b191337a08cfc3aa1db8bd69616
vfs-3-size = 189473 113065
vfs-4 = 824f6542def445a14f4f5cf3d70d5ab1 451b43c6cb7eee3342790a381e322455
vfs-4-size = 102842 61433
vfs-5 = 29e30b8fb07a965cf7eea1c8028f9867 6f0636551223743f05c601df9d8778d8
vfs-5-size = 103325 61675
vfs-6 = 70ff00a589ce2292e57f95d0a3624bb9 9001a41fe9f7a0560d8da79c13c37635
vfs-6-size = 103973 62109
vfs-7 = dbc299739a10f87c31945c1e5c31fb51 7f5f06573d31bd392023b7523353f446
vfs-7-size = 103948 62029
vfs-8 = 9f9beb9155315f08e8f99acc9ba33e1b cd6a9d1114c44561f1b17c2c44021187
vfs-8-size = 103864 62025
vfs-9 = c458b3219da5d20a841c4c9c12b61287 f98106a3b1bdfc4954d4e5fcdcff418e
vfs-9-size = 128456 70436
vfs-10 = eac6b830d6820da9bd189e3fa4e64abc c83fdba0a6d26f513d58ae56a9a63be2
vfs-10-size = 4977 3410
vfs-11 = c8aeff1e89a30423feb8753a2aaa5fe4 ca440a3484c58f83755336216f734291
vfs-11-size = 162461 90714
vfs-12 = 810806351b3d4acfbcedad9d0f912cb6 3b6756bcadead451dce6f4a6eb0dbe10
vfs-12-size = 343073 202862
vfs-13 = dcbb625b0f009e6ecbcdaedf025fd51d 8219a6f1aa9dfa6a405521b6388cfd08
vfs-13-size = 120375 71746
vfs-14 = d9d1f16f60eda39879a648f33e771dee 73a7b085efa28f36ee54b0ed6a85a980
vfs-14-size = 121540 72467
vfs-15 = 9e3259cfbf0429987ed85ec190c7bf4d f085853f12ec42ebc280c45ce5d395d4
vfs-15-size = 121497 72401
vfs-16 = 5998b0c1e237ae030a8d087077d1c5bc f134865ddd99f438c57e993f90a67605
vfs-16-size = 121542 72396
vfs-17 = 44c4dd9f77e0466e7da34f53470cbdea 7bf84b3470702528c4c29bfc631cdb8d
vfs-17-size = 410 376
vfs-18 = 48ef591f6cef135a57cef0472f40625d 2e1d3d4928c4196f89260ca7af9a94be
vfs-18-size = 189473 113062
vfs-19 = 824f6542def445a14f4f5cf3d70d5ab1 451b43c6cb7eee3342790a381e322455
vfs-19-size = 102842 61433
vfs-20 = 29e30b8fb07a965cf7eea1c8028f9867 6f0636551223743f05c601df9d8778d8
vfs-20-size = 103325 61675
vfs-21 = 70ff00a589ce2292e57f95d0a3624bb9 9001a41fe9f7a0560d8da79c13c37635
vfs-21-size = 103973 62109
vfs-22 = dbc299739a10f87c31945c1e5c31fb51 7f5f06573d31bd392023b7523353f446
vfs-22-size = 103948 62029
vfs-23 = 9f9beb9155315f08e8f99acc9ba33e1b cd6a9d1114c44561f1b17c2c44021187
vfs-23-size = 103864 62025
vfs-24 = 4bc63d932d1a0ce4fa1f7732e9695625 069779feebe95448b9d1cba7f714fbc4
vfs-24-size = 128635 70564
vfs-25 = eac6b830d6820da9bd189e3fa4e64abc c83fdba0a6d26f513d58ae56a9a63be2
vfs-25-size = 4977 3410

