# Build Configuration

root = d2bb5a17630587ff74b1f942cdbcdc77
install = 90977054564b1e83dfbee4f6e0cd4f11 ddb5cefb8ef905139bafed546bede95c
install-size = 3848211 3739029
download = 0176b055b59fc89e5147d1fea1d4f105 3a3cac846ca41af8cf3e7ef9bc3213f6
download-size = 484739 446960
size = ec301ec30c674f5d6ca8305079e1e6f1 55e81cb41f24fd5ad591a18f6e39a66b
size-size = 305949 273194
encoding = dc9db12296e5b0395a5688e5a2b4818b a8840f3257edbc75a35e6cbaff360a55
encoding-size = 1275715 1275889
build-name = 14.0.0.118342.m14.1.bfb9e89980.Filtered
build-product = Gryphon
build-uid = gryphon
build-token = 67377cb3-6fb3-96a0-dda4-fcc837b30f17
build-data-compatibility-hash = 4acbbe3dfb8d99941cc995f3d755fe1c
build-data-content-hash = afb5ce9a4b9783f43a8e1dc330635e2b
build-full-version = 14.0.0.118342.m14.1.bfb9e89980
build-version = 14.0.0.118342
build-git-branch = m14.1
build-git-commit-hash = bfb9e899809b2bb8e0ec18d050f00c13926782d6
vfs-root = 1d045cf0bb1b825c06dabd4649544c7b 97f7bf29ba08d7ec63ddb76f0e266c3d
vfs-root-size = 178 184
vfs-1 = 1d045cf0bb1b825c06dabd4649544c7b 97f7bf29ba08d7ec63ddb76f0e266c3d
vfs-1-size = 178 184
vfs-2 = d1e1587e237e700115f97a6afab87ca4 83f9120c96c9db74a4316b17787f8024
vfs-2-size = 410 378
vfs-3 = de24813d89f9386d002f9d5e2ecb82da f4560d96ca03020510f230ab40b4af77
vfs-3-size = 189473 113052
vfs-4 = 443e3d4084aa9c974f6a6aace0308f24 0649cbd69fe9106cc118f201d6e7483b
vfs-4-size = 103178 61606
vfs-5 = 922a786174fc22949fd44f43f80d4c9e 65b1a74f35ad1451dd7c4d1b4ccf66bf
vfs-5-size = 103661 61858
vfs-6 = 81e1a9fe8b164a1a014f2dbf3045111d 1da09d92d40da5f5dba0676ecaffb91b
vfs-6-size = 104309 62342
vfs-7 = 20047dbf6ec1bb482b8b45c7a7ced813 4d0d9aaca3acb8be420f39f490245b95
vfs-7-size = 104284 62216
vfs-8 = 7e9cad8d1f52de36d8226a0d26ef368b 773670c4ed4376114385b44f40d2213c
vfs-8-size = 104200 62226
vfs-9 = 380d6ab10461d538ae7bfc83cac1aaef 714d7abf6deca8628a3e045c2e885914
vfs-9-size = 134782 73600
vfs-10 = 6d808391c9df40c99ca9f4f67a988cea 895f6db748c783ab42a6922d41a562e4
vfs-10-size = 5026 3439
vfs-11 = 599af3dbef51233a55af9d3e6ac4c2cf 2d92ede29a9cb7b21fb184e111b75e26
vfs-11-size = 168789 94068
vfs-12 = 1ea32018ba205f130297d12614817d3b dca512b1411885cadcc43089f2737d45
vfs-12-size = 343412 203019
vfs-13 = 6a38c18394c2e8b7b12839e50a6f68e6 44c6fd8eace7eaa1a9d3c4922c48b006
vfs-13-size = 120711 71951
vfs-14 = f0995293d9d6541b060a58ecad343a62 b8f7b521735fe5054bcf2b8742d8d2e9
vfs-14-size = 121876 72670
vfs-15 = edebda499db7e1198b561134efefd0a3 09c9489d2dfda260306d09290beea51a
vfs-15-size = 121821 72589
vfs-16 = fbc29ad86e90d1b341b6cf4419bab4ec eded7ba6c006a8907e814dc5afcc6b57
vfs-16-size = 121878 72587
vfs-17 = 34957b35159490e80205f3c8a3e00fc4 0154ce86d0d0200a57594b7e80afd9e2
vfs-17-size = 410 376
vfs-18 = 51f43f3fd1c6634ac96f54fdadd12cc4 d3763a0b7a0b62db4465b09af2b17f1c
vfs-18-size = 189473 113045
vfs-19 = 443e3d4084aa9c974f6a6aace0308f24 0649cbd69fe9106cc118f201d6e7483b
vfs-19-size = 103178 61606
vfs-20 = 922a786174fc22949fd44f43f80d4c9e 65b1a74f35ad1451dd7c4d1b4ccf66bf
vfs-20-size = 103661 61858
vfs-21 = 81e1a9fe8b164a1a014f2dbf3045111d 1da09d92d40da5f5dba0676ecaffb91b
vfs-21-size = 104309 62342
vfs-22 = 20047dbf6ec1bb482b8b45c7a7ced813 4d0d9aaca3acb8be420f39f490245b95
vfs-22-size = 104284 62216
vfs-23 = 7e9cad8d1f52de36d8226a0d26ef368b 773670c4ed4376114385b44f40d2213c
vfs-23-size = 104200 62226
vfs-24 = 94be8aff2eb820c97c80a77780a64ace ca013c34805f46cbed684c71f06e5c40
vfs-24-size = 134851 73708
vfs-25 = 6d808391c9df40c99ca9f4f67a988cea 895f6db748c783ab42a6922d41a562e4
vfs-25-size = 5026 3439

