# Build Configuration

root = 1abbf308f04d5c7b157a2724ebefa1eb
install = 207647775d82d0867e07cb94a033a332 03bd88eacaa1e7a3c470247402b67133
install-size = 1795346 1720752
download = a4d92b462aafd8dd96da3129e8ab36a9 051751e07177e51206c7a0c57b12e5e5
download-size = 346108 316896
size = 4aef5a9d4a1cac93e1a3b658cfa2109d a77e53878244da6875edc751597e2e31
size-size = 219158 194001
encoding = ef5678d929c371ca41d7666ce14f810f 8f4a3fffd866a97c8197c66efcc405eb
encoding-size = 904194 904363
patch-index = 43b7de1128b9ce60e2aae23a0f4aaee8 97ce40ca8fd28e844c731ae2548378fc
patch-index-size = 478287 390894
patch = 652d9537d88e88b0cc181b41518d8be5
patch-size = 449759
patch-config = 47ab3cbd0dc960772f233eea25f36f6d
build-name = 7.0.0.99905.dp-autospawn.159876edfa.Filtered
build-product = Gryphon
build-uid = gryphon
build-token = 65989316-af4c-f036-4fa9-66f7a27cc0c0
build-data-compatibility-hash = 403bc33ced1cef7544b57c87b21c8d96
build-data-content-hash = 03604165de6f46cba269ab965939f927
build-full-version = 7.0.0.99905.dp-autospawn.159876edfa
build-version = 7.0.0.99905
build-git-branch = dp-autospawn
build-git-commit-hash = 159876edfabb68588c465cfd56da852387d1ec85
vfs-root = 8b0cdd3c7d829c8ee9dfce7584713784 b9f4208905dcc942e07b8c098e2257b8
vfs-root-size = 173 194
vfs-1 = 8b0cdd3c7d829c8ee9dfce7584713784 b9f4208905dcc942e07b8c098e2257b8
vfs-1-size = 173 194
vfs-2 = 2ee6bbf66309fc51b6f7e0af68272e19 912a7d44c3acabc286cffcd5b0f9b7bc
vfs-2-size = 180598 117509
vfs-3 = 7b69a78db6ae10a35c87f8630034a42e cf9ecfa454e33034d0c8e8d50a82956a
vfs-3-size = 358956 269610
vfs-4 = f0bd18288776acba0c1bc5b40ae509f1 8989a28b84c3360367503b1dca4349c5
vfs-4-size = 162932 116035
vfs-5 = 430d64fa6a1525af83a156909b7e7626 d0d909d1ea773361902fc07e14c5e1e3
vfs-5-size = 164681 117358
vfs-6 = e65e56fc3558d2ccd28f2cc7fe48f7fd f1c199520472f29c103b79fece78d154
vfs-6-size = 164592 117354
vfs-7 = fd2d61ada86e615fda23833568b56b5e f2c5adfe4898a5ff78c9e1d5b64aabc0
vfs-7-size = 164555 117272
vfs-8 = f6bfa23e1c3901dd1af1007d39476802 bf832c73597ae520a141792a49be0118
vfs-8-size = 164609 117289
vfs-9 = 8c384c4c9a2c7b262b7f97c628373582 0c7a5ee59a1076c15375b93fe39cc79e
vfs-9-size = 5640 4395
vfs-10 = bd11b3b7285f50a4664a4d8462603b70 c742cb727bb1c47197dbd5e2f05750d5
vfs-10-size = 301666 228844
vfs-11 = cc02bfa12e5513382f1ee3c87a741848 6bb784acd82e99f864d5a6c7fd71cf6d
vfs-11-size = 358913 269602
vfs-12 = f0bd18288776acba0c1bc5b40ae509f1 8989a28b84c3360367503b1dca4349c5
vfs-12-size = 162932 116035
vfs-13 = 430d64fa6a1525af83a156909b7e7626 d0d909d1ea773361902fc07e14c5e1e3
vfs-13-size = 164681 117358
vfs-14 = e65e56fc3558d2ccd28f2cc7fe48f7fd f1c199520472f29c103b79fece78d154
vfs-14-size = 164592 117354
vfs-15 = fd2d61ada86e615fda23833568b56b5e f2c5adfe4898a5ff78c9e1d5b64aabc0
vfs-15-size = 164555 117272
vfs-16 = f6bfa23e1c3901dd1af1007d39476802 bf832c73597ae520a141792a49be0118
vfs-16-size = 164609 117289
vfs-17 = 8c384c4c9a2c7b262b7f97c628373582 0c7a5ee59a1076c15375b93fe39cc79e
vfs-17-size = 5640 4395

