# Build Configuration

root = 255d2bb69ad5e9421874f9dc6f4e4651
install = b0e74865a8215bc36c981fe6282fc2fb b83b4527a84ee05555bd325cabae0e8c
install-size = 3805000 3696737
download = 053b7a9b01a8e71f97d1a44e6691a4d7 edb49944158691fb86eae16bdc412790
download-size = 472237 435496
size = 5dbbf4e95996ed2fb99ac92d81b8276c e6c083b4df5393c1e98842033f3aca64
size-size = 298064 265913
encoding = 910d7ebd491268927d5d5371dddb1799 40180afd0096b542ec899b15e1de0890
encoding-size = 1242691 1242864
build-name = 13.0.0.116009.m13.ec3cca87d1.Filtered
build-product = Gryphon
build-uid = gryphon
build-token = 966918bd-3e65-4de2-9441-c83612ff754d
build-data-compatibility-hash = 4347bd52dc326a15678ba30f905eb4a5
build-data-content-hash = a8523a858a8b9c5491e977387d20c877
build-full-version = 13.0.0.116009.m13.ec3cca87d1
build-version = 13.0.0.116009
build-git-branch = m13
build-git-commit-hash = ec3cca87d1d29146054f508f78168ff92c80d512
vfs-root = 89b0b480614810e9c172c9562ba77b91 a3ba97e8a08417e4435be7e28724b9b8
vfs-root-size = 178 184
vfs-1 = 89b0b480614810e9c172c9562ba77b91 a3ba97e8a08417e4435be7e28724b9b8
vfs-1-size = 178 184
vfs-2 = cfb02f171dd536ae8d15196221448d3f cb4af8ac9ee5ada7c5f819b48dbb412c
vfs-2-size = 410 374
vfs-3 = 8618352f21cc8137eb7c66cc8f4b2fe9 08584b191337a08cfc3aa1db8bd69616
vfs-3-size = 189473 113065
vfs-4 = 824f6542def445a14f4f5cf3d70d5ab1 451b43c6cb7eee3342790a381e322455
vfs-4-size = 102842 61433
vfs-5 = 29e30b8fb07a965cf7eea1c8028f9867 6f0636551223743f05c601df9d8778d8
vfs-5-size = 103325 61675
vfs-6 = 70ff00a589ce2292e57f95d0a3624bb9 9001a41fe9f7a0560d8da79c13c37635
vfs-6-size = 103973 62109
vfs-7 = dbc299739a10f87c31945c1e5c31fb51 7f5f06573d31bd392023b7523353f446
vfs-7-size = 103948 62029
vfs-8 = 9f9beb9155315f08e8f99acc9ba33e1b cd6a9d1114c44561f1b17c2c44021187
vfs-8-size = 103864 62025
vfs-9 = 6b87324ccf8907c7ed116d264a0f097d e25e8c7e7481ea227d914fb64f819816
vfs-9-size = 124034 68106
vfs-10 = eac6b830d6820da9bd189e3fa4e64abc c83fdba0a6d26f513d58ae56a9a63be2
vfs-10-size = 4977 3410
vfs-11 = 239b73fa3a0ffb8f1054d3595feb6aac de27449a9bbe50e6b9f391f8ad753bf4
vfs-11-size = 163187 91074
vfs-12 = 810806351b3d4acfbcedad9d0f912cb6 3b6756bcadead451dce6f4a6eb0dbe10
vfs-12-size = 343073 202862
vfs-13 = dcbb625b0f009e6ecbcdaedf025fd51d 8219a6f1aa9dfa6a405521b6388cfd08
vfs-13-size = 120375 71746
vfs-14 = d9d1f16f60eda39879a648f33e771dee 73a7b085efa28f36ee54b0ed6a85a980
vfs-14-size = 121540 72467
vfs-15 = 9e3259cfbf0429987ed85ec190c7bf4d f085853f12ec42ebc280c45ce5d395d4
vfs-15-size = 121497 72401
vfs-16 = 5998b0c1e237ae030a8d087077d1c5bc f134865ddd99f438c57e993f90a67605
vfs-16-size = 121542 72396
vfs-17 = 6b8397e50c9f41b29d19f5c17a647433 498454464549ddd2aec90e27acf03b1a
vfs-17-size = 410 377
vfs-18 = 48ef591f6cef135a57cef0472f40625d 2e1d3d4928c4196f89260ca7af9a94be
vfs-18-size = 189473 113062
vfs-19 = 824f6542def445a14f4f5cf3d70d5ab1 451b43c6cb7eee3342790a381e322455
vfs-19-size = 102842 61433
vfs-20 = 29e30b8fb07a965cf7eea1c8028f9867 6f0636551223743f05c601df9d8778d8
vfs-20-size = 103325 61675
vfs-21 = 70ff00a589ce2292e57f95d0a3624bb9 9001a41fe9f7a0560d8da79c13c37635
vfs-21-size = 103973 62109
vfs-22 = dbc299739a10f87c31945c1e5c31fb51 7f5f06573d31bd392023b7523353f446
vfs-22-size = 103948 62029
vfs-23 = 9f9beb9155315f08e8f99acc9ba33e1b cd6a9d1114c44561f1b17c2c44021187
vfs-23-size = 103864 62025
vfs-24 = 0cca9486328de1d1ef976b79623f2b9a 656ea94cadcf51e1127b4ad939eb5dcb
vfs-24-size = 123984 68102
vfs-25 = eac6b830d6820da9bd189e3fa4e64abc c83fdba0a6d26f513d58ae56a9a63be2
vfs-25-size = 4977 3410

