# Build Configuration

root = a36bacd361c8f05dbead5414ab789c89
install = 85e89db5e5de71720a3488c7aab9974b 7441622b886bf6790a2c2de37a0b8ee5
install-size = 1795346 1720751
download = 2bf1a6434cfc05dd581eb9f9e0beb897 049ab96b47a5aa3ab347c7b868756540
download-size = 346108 316922
size = 6e6e2c62f6b10d126b14fcf0897c82c6 536d7bb4ff42c9006635a6c3cf842b24
size-size = 219158 194034
encoding = 02c0e7f39757dfe2e5fe1bd329c21d72 3fab2d93c79c6d29ab74dc53a4443b3b
encoding-size = 904194 904363
patch-index = 56a628318634de4f1b89db32f308b26a 596e43030780efa338e7c081b3d23f15
patch-index-size = 354640 306573
patch = 2f20bb0440d9fc923b06127b999ff451
patch-size = 349099
patch-config = 3164c9d2ae7329fe791a7eca88ee042c
build-name = 7.0.0.100001.m7-cenarion2.9cf973ee21.Filtered
build-product = Gryphon
build-uid = gryphon
build-token = 0308cdbd-9fff-a190-9dbf-f31c4cf0cbd7
build-data-compatibility-hash = 62c0dc66b5cb6deaf212fbe062aa5de5
build-data-content-hash = 1d0f908d2b721dd6c02fa94c07852f38
build-full-version = 7.0.0.100001.m7-cenarion2.9cf973ee21
build-version = 7.0.0.100001
build-git-branch = m7-cenarion2
build-git-commit-hash = 9cf973ee21b4c9a0ecaeb0ba63b9312f21ab243a
vfs-root = 43f6220ad6ffd57ef459ecabe3aaa516 fc3da49c34417c39f553e645d38ca8e6
vfs-root-size = 173 194
vfs-1 = 43f6220ad6ffd57ef459ecabe3aaa516 fc3da49c34417c39f553e645d38ca8e6
vfs-1-size = 173 194
vfs-2 = 57112d117135c44cfef956bb6213f729 e4c7e6c1bb493cc33bf900d1aaba16f9
vfs-2-size = 271210 200047
vfs-3 = c413db9fa765cd0b4b8264cc0d9b72c2 2389de46ae5df2c38b5fd21f238bca54
vfs-3-size = 356526 267158
vfs-4 = 87d7b6d7023ce5602ea8780763d567ba 6572891d9c87c1fd2f7bb48d866787f5
vfs-4-size = 158612 111790
vfs-5 = 59f401ac332e0cc21fa6196ba55b867e 2037bd1d5373837ad4dc1914acab5943
vfs-5-size = 160361 113091
vfs-6 = 3bc6b1f2af9740f126c1a9d8aacd1325 cd1317a0262544e71a47a67a07c3f8f2
vfs-6-size = 160272 113172
vfs-7 = 4337ee3b993860bc8a1d95b40a936848 f4c1353adf757c206a8fe041117bd2b0
vfs-7-size = 160235 113047
vfs-8 = eed4144bd2f645af6f92fe619d2ab8df 533f75d363a25426acb1820c5352002a
vfs-8-size = 160289 113063
vfs-9 = 8c384c4c9a2c7b262b7f97c628373582 0c7a5ee59a1076c15375b93fe39cc79e
vfs-9-size = 5640 4395
vfs-10 = c7225fc8344f777a13b4c406788c1dd7 f829c6516aed429af3683366f8816daf
vfs-10-size = 180598 117469
vfs-11 = 61a69c10fe8febbd031a94549d5bc1d0 17e37a86c00ab8743b8fb5a1de13287e
vfs-11-size = 356105 266841
vfs-12 = 87d7b6d7023ce5602ea8780763d567ba 6572891d9c87c1fd2f7bb48d866787f5
vfs-12-size = 158612 111790
vfs-13 = 59f401ac332e0cc21fa6196ba55b867e 2037bd1d5373837ad4dc1914acab5943
vfs-13-size = 160361 113091
vfs-14 = 3bc6b1f2af9740f126c1a9d8aacd1325 cd1317a0262544e71a47a67a07c3f8f2
vfs-14-size = 160272 113172
vfs-15 = 4337ee3b993860bc8a1d95b40a936848 f4c1353adf757c206a8fe041117bd2b0
vfs-15-size = 160235 113047
vfs-16 = eed4144bd2f645af6f92fe619d2ab8df 533f75d363a25426acb1820c5352002a
vfs-16-size = 160289 113063
vfs-17 = 8c384c4c9a2c7b262b7f97c628373582 0c7a5ee59a1076c15375b93fe39cc79e
vfs-17-size = 5640 4395

