# Build Configuration

root = 4c34678270552c41a80bb5044d32f58b
install = 884bd5f0e44dd9e10934a35184a17874 d67658133f303b9fdfc2c2b1a71f6a66
install-size = 1827684 1754770
download = 4a0a8f14d57212ddc374e31902a420e5 74b5c74c3894e355a7a8bcb3325e8fad
download-size = 353382 324132
size = a2ae649e55b377ac1967ec50bb69c6a4 d0ecfbf7d6e36299c61abf3f1f668f46
size-size = 223759 198442
encoding = 8d681f4e0b5d749f62094a2b5f04d3a8 34f6750e2f9d4ad24ff184d7375860a8
encoding-size = 924834 925005
patch-index = fd7b94936222b17844bcc538c475e830 6a62a2da04f466aee7fd863464b6143a
patch-index-size = 62511 48786
patch = 98033de59e3b1ab815a03b59ae8d95dc
patch-size = 57313
patch-config = 4c30d3c6c96539ab7a4bc1883a960318
build-name = 8.5.0.103220.m8.5.780d3bf09a.Filtered
build-product = Gryphon
build-uid = gryphon
build-token = 8886c3dd-2bc9-54e8-6bf5-94c7b101ba58
build-data-compatibility-hash = bd099149007e1fa040fc9575e3332460
build-data-content-hash = 98f5e788c3fd95e60f2a078b273bb91b
build-full-version = 8.5.0.103220.m8.5.780d3bf09a
build-version = 8.5.0.103220
build-git-branch = m8.5
build-git-commit-hash = 780d3bf09a96b1bc08e0bcde589816509feeedfe
vfs-root = a874ed9620a1dfe9811839801635a173 d662a0e99b8831b4fa695af32cec935d
vfs-root-size = 173 193
vfs-1 = a874ed9620a1dfe9811839801635a173 d662a0e99b8831b4fa695af32cec935d
vfs-1-size = 173 193
vfs-2 = cee5bf990464ce68ba7fa13abe4d82f7 38a6979b2baa37db4ec6636eb959db60
vfs-2-size = 185882 120846
vfs-3 = d8f5ed31c92b1f064814e57be500ba73 8059081ae782e7ff63352621025cfddb
vfs-3-size = 302798 215017
vfs-4 = 66b931293add61e870b038ea1eea4208 7de524b6fd6a6ac082e849335b8df26c
vfs-4-size = 159967 112479
vfs-5 = 26273b0e748d00aabfb158e2ee67de53 3fc5d329d98b3ef3808cb72940f8258c
vfs-5-size = 161724 113816
vfs-6 = f34f345df6571dacb8cda9cc850a0245 75010eb895318548e3eaa9906acef4c5
vfs-6-size = 161774 113995
vfs-7 = b0e4e7ac6e4735515ac6c4a33a2916e4 b05f6de64ca0cf7ec797f7bb79d9f721
vfs-7-size = 161730 113893
vfs-8 = 5914d837cb21bdfe83161f7dee39f1e7 962528ba4e32c4bef6ba1f3943191400
vfs-8-size = 161766 113832
vfs-9 = 2ac81d891ac07164e882b7e4bcf4941d d5d1c2b60c61d191febe834769045a9b
vfs-9-size = 5705 4447
vfs-10 = 1827c52b6c9c2e960079b8a17c2cc9bc e953a868bb40c27f803e2af9957cf636
vfs-10-size = 212855 145361
vfs-11 = 83d66caf9bf891916e0a90ad20c3dd1f 1b31aab80fdeed5302da091eeb0c169d
vfs-11-size = 302512 214765
vfs-12 = 66b931293add61e870b038ea1eea4208 7de524b6fd6a6ac082e849335b8df26c
vfs-12-size = 159967 112479
vfs-13 = 26273b0e748d00aabfb158e2ee67de53 3fc5d329d98b3ef3808cb72940f8258c
vfs-13-size = 161724 113816
vfs-14 = f34f345df6571dacb8cda9cc850a0245 75010eb895318548e3eaa9906acef4c5
vfs-14-size = 161774 113995
vfs-15 = b0e4e7ac6e4735515ac6c4a33a2916e4 b05f6de64ca0cf7ec797f7bb79d9f721
vfs-15-size = 161730 113893
vfs-16 = 5914d837cb21bdfe83161f7dee39f1e7 962528ba4e32c4bef6ba1f3943191400
vfs-16-size = 161766 113832
vfs-17 = 2ac81d891ac07164e882b7e4bcf4941d d5d1c2b60c61d191febe834769045a9b
vfs-17-size = 5705 4447

