# Build Configuration

root = ae84a2993c058ef8e998517b5f381ada
install = a7eb8504a9e522dc0107eb92a0ea0375 133d51b8b32de2ef87100e414b80398b
install-size = 4097150 3974322
download = 3163e112eeb245f48a3bac6f226fdead f57e9a668f562980874840b5d37ccf00
download-size = 491024 451552
size = 2bc20d713d85fde96d1fe68754e7f7cd 2276569b98a4200eb8923cfee42f2ca1
size-size = 310839 277685
encoding = 34d4e5e54c51d5141f665b97cc4af0a2 7fb8caf3888b087d3e0d43d96270187b
encoding-size = 1283971 1284145
build-name = 11.1.0.112070.m11.1.cf45cdf774.Filtered
build-product = Gryphon
build-uid = gryphon
build-token = 42b22a30-8708-f32b-8e3f-06ced3211178
build-data-compatibility-hash = 52b65826175815cbc91843386bacb300
build-data-content-hash = 089593df454a795a01a64a553fb900be
build-full-version = 11.1.0.112070.m11.1.cf45cdf774
build-version = 11.1.0.112070
build-git-branch = m11.1
build-git-commit-hash = cf45cdf7740189faf6b74f24b509501c414b2f3a
vfs-root = a135b9f1625d93f727cb7469e64aeb23 bbdf3c4811ac1835bc221d56668f4587
vfs-root-size = 178 184
vfs-1 = a135b9f1625d93f727cb7469e64aeb23 bbdf3c4811ac1835bc221d56668f4587
vfs-1-size = 178 184
vfs-2 = c3e88bec8c18085ef61a7338b5f610e1 8c83581462d17a20ca36238ef350e7ce
vfs-2-size = 410 379
vfs-3 = ff858d212368bbc9724fe946a59389b2 dbf45638b44c965f10d34ab570d2ab61
vfs-3-size = 224096 133877
vfs-4 = 310a00180ef48fde3abe13e0f196aa7c 5b4626827a461b02725c75e29b8eaeca
vfs-4-size = 118317 70460
vfs-5 = bebaae972b9aba967a727fe6d0274631 305cc9a0abab104e33ea0d366f17da10
vfs-5-size = 119564 71278
vfs-6 = a9edf10f6700e417d54ceec933fa6792 6f27ecfa1bf7d2afa2bcf04eac853f35
vfs-6-size = 120724 71988
vfs-7 = f733b5a0017e199127d65e5bd3ae6f49 9913976efa01f8935f31892ce3e5475a
vfs-7-size = 120670 71938
vfs-8 = 4caf286ffd4dba3fcdf2cd983a3463ef 8253776f160be33640b9892d93223f6c
vfs-8-size = 120728 71923
vfs-9 = 08bfcabdf9e91492d1161de30f356aa0 4453d42a335e8dc7960d4f42ae660da3
vfs-9-size = 143521 78308
vfs-10 = 89609d0119c7ceaa621827a4254eeae2 0c18f4ee4570e8ad83c9059fbd66ffe3
vfs-10-size = 4825 3312
vfs-11 = 14000dd836e89ce412a9bbf69e467628 ec5bbb2acea05bf4993c26c2f7b714cf
vfs-11-size = 156342 87208
vfs-12 = 60327c8e75649e6cea1c3e827c505a4f 5521f6fc335cf72808524a434326f9a4
vfs-12-size = 342260 202387
vfs-13 = 7bbc6d1381ea8496a8138ca16d5ad923 af18e7f9b8ff7c7aa788c3ef7630b64d
vfs-13-size = 119564 71290
vfs-14 = 708a3606025213ca59e928ab1d5253ed 0d6877879ce27ba75794ca06bb9fc91d
vfs-14-size = 120724 72000
vfs-15 = c23bb03ed8697a2ac1330c94fcdb2271 a90a6c8610122267ea1507372dee9f5a
vfs-15-size = 120670 71957
vfs-16 = ccac9edccf00f1cc0c5565f5f8a5a8fb fa34ed021cdfd28a0b8aa0d724b6124e
vfs-16-size = 120728 71931
vfs-17 = dd60eba006a21d144a329ec057c57608 7725d98dcfbbd6124e6a9d65b9824f69
vfs-17-size = 410 376
vfs-18 = 3df7722cbc03dc8d1288cde4aeab92e9 4f65216edc1e292f889ceb65889224fc
vfs-18-size = 224096 133888
vfs-19 = 310a00180ef48fde3abe13e0f196aa7c 5b4626827a461b02725c75e29b8eaeca
vfs-19-size = 118317 70460
vfs-20 = bebaae972b9aba967a727fe6d0274631 305cc9a0abab104e33ea0d366f17da10
vfs-20-size = 119564 71278
vfs-21 = a9edf10f6700e417d54ceec933fa6792 6f27ecfa1bf7d2afa2bcf04eac853f35
vfs-21-size = 120724 71988
vfs-22 = f733b5a0017e199127d65e5bd3ae6f49 9913976efa01f8935f31892ce3e5475a
vfs-22-size = 120670 71938
vfs-23 = 4caf286ffd4dba3fcdf2cd983a3463ef 8253776f160be33640b9892d93223f6c
vfs-23-size = 120728 71923
vfs-24 = ef6f54084412b99d082d2b3448c10a00 c52eaee97ec0e981b385e008580b3582
vfs-24-size = 143521 78306
vfs-25 = 89609d0119c7ceaa621827a4254eeae2 0c18f4ee4570e8ad83c9059fbd66ffe3
vfs-25-size = 4825 3312

