# Build Configuration

root = 4ff271a33f5587380a97aea006e7fec5
install = 13aef16aea14f974c32d952ca22055dd 984f0761ccd44b61a37ca4ce53657462
install-size = 4097398 3974594
download = b751a2ffb7fc7607593196226cbc2b91 3c7b2c5a2b6f8d18ccb2f656de28a99b
download-size = 491046 451545
size = 91ee818ceef0e5bbc3d623aa0d73a64b 436ccaa984cd28cb8aeec2f2fdd99970
size-size = 310852 277556
encoding = 8f37387192d371db73c836003f0c99e9 cc15f11ff3966e21fb599841a38a4726
encoding-size = 1283971 1284145
build-name = 11.1.0.112642.dp-winds2-day1hotfix.3576e8cc5f.Filtered
build-product = Gryphon
build-uid = gryphon
build-token = ab89e3bc-dd63-a8e9-2ad6-9103cee3fa5e
build-data-compatibility-hash = ddd42d3b4d3b8ef4b9d1655761f051c1
build-data-content-hash = 6e7559281cf081bbf560b38aaaccb8fc
build-full-version = 11.1.0.112642.dp-winds2-day1hotfix.3576e8cc5f
build-version = 11.1.0.112642
build-git-branch = dp-winds2-day1hotfix
build-git-commit-hash = 3576e8cc5fe033ffd1b08b585a33e3ef2cc3856f
vfs-root = 4f8d7b158496d1f4efde329b0d20dffe d7efda545d573e406f7e19a5a41ddbb8
vfs-root-size = 178 184
vfs-1 = 4f8d7b158496d1f4efde329b0d20dffe d7efda545d573e406f7e19a5a41ddbb8
vfs-1-size = 178 184
vfs-2 = 0d7fd7427b66aeec6ccca66f9cfc6046 3352f5a09c82df4adbf0ec93b25211b1
vfs-2-size = 410 376
vfs-3 = ff858d212368bbc9724fe946a59389b2 dbf45638b44c965f10d34ab570d2ab61
vfs-3-size = 224096 133877
vfs-4 = 310a00180ef48fde3abe13e0f196aa7c 5b4626827a461b02725c75e29b8eaeca
vfs-4-size = 118317 70460
vfs-5 = bebaae972b9aba967a727fe6d0274631 305cc9a0abab104e33ea0d366f17da10
vfs-5-size = 119564 71278
vfs-6 = a9edf10f6700e417d54ceec933fa6792 6f27ecfa1bf7d2afa2bcf04eac853f35
vfs-6-size = 120724 71988
vfs-7 = f733b5a0017e199127d65e5bd3ae6f49 9913976efa01f8935f31892ce3e5475a
vfs-7-size = 120670 71938
vfs-8 = 4caf286ffd4dba3fcdf2cd983a3463ef 8253776f160be33640b9892d93223f6c
vfs-8-size = 120728 71923
vfs-9 = 9eeb177055a114f0742837875b8ea57c 0560c1cceaa50fb7d1d27b682bf64116
vfs-9-size = 143545 78306
vfs-10 = 1878076287882c99bda32a209cf77fc8 faec85ec2b2e540c4306c45252f7f8fb
vfs-10-size = 4876 3346
vfs-11 = cde44c514a3af83584263054887f40f1 3afd1fd09fbabd6593d447bddfb89413
vfs-11-size = 156417 87227
vfs-12 = 60327c8e75649e6cea1c3e827c505a4f 5521f6fc335cf72808524a434326f9a4
vfs-12-size = 342260 202387
vfs-13 = 7bbc6d1381ea8496a8138ca16d5ad923 af18e7f9b8ff7c7aa788c3ef7630b64d
vfs-13-size = 119564 71290
vfs-14 = 708a3606025213ca59e928ab1d5253ed 0d6877879ce27ba75794ca06bb9fc91d
vfs-14-size = 120724 72000
vfs-15 = c23bb03ed8697a2ac1330c94fcdb2271 a90a6c8610122267ea1507372dee9f5a
vfs-15-size = 120670 71957
vfs-16 = ccac9edccf00f1cc0c5565f5f8a5a8fb fa34ed021cdfd28a0b8aa0d724b6124e
vfs-16-size = 120728 71931
vfs-17 = edabe9870a4d9b34a00372d625d30ed4 0c4e753ab7050b0bf45b48611a4a8754
vfs-17-size = 410 378
vfs-18 = 3df7722cbc03dc8d1288cde4aeab92e9 4f65216edc1e292f889ceb65889224fc
vfs-18-size = 224096 133888
vfs-19 = 310a00180ef48fde3abe13e0f196aa7c 5b4626827a461b02725c75e29b8eaeca
vfs-19-size = 118317 70460
vfs-20 = bebaae972b9aba967a727fe6d0274631 305cc9a0abab104e33ea0d366f17da10
vfs-20-size = 119564 71278
vfs-21 = a9edf10f6700e417d54ceec933fa6792 6f27ecfa1bf7d2afa2bcf04eac853f35
vfs-21-size = 120724 71988
vfs-22 = f733b5a0017e199127d65e5bd3ae6f49 9913976efa01f8935f31892ce3e5475a
vfs-22-size = 120670 71938
vfs-23 = 4caf286ffd4dba3fcdf2cd983a3463ef 8253776f160be33640b9892d93223f6c
vfs-23-size = 120728 71923
vfs-24 = b7fb8358535098ea687c221369f2ad77 ea822ff4cec504a6638dee7e79f3877c
vfs-24-size = 143545 78313
vfs-25 = 1878076287882c99bda32a209cf77fc8 faec85ec2b2e540c4306c45252f7f8fb
vfs-25-size = 4876 3346

