# Build Configuration

root = aeca1ad3f298a3fb1ff86d4ffede21f2
install = b08a0002f7a0b49d8624d215b18111c5 b2c9b1954e51584ccfc132d076904218
install-size = 1828090 1752535
download = 9ae486b829fa931e8af4a1b8d0a1b6d9 3572f5d7224cac0447708c28ce0e5b0a
download-size = 359546 329593
size = f7b9df49846220c18cb31c759e405097 88cf10a845ca1bdd8dae23802674aa29
size-size = 227655 202130
encoding = 7c0436feb7730779cc513e6409305023 0c1e884eb622ba28345778237e81c796
encoding-size = 941346 941517
build-name = 9.0.0.106939.dp-ysera-arc.a1174354bb.Filtered
build-product = Gryphon
build-uid = gryphon
build-token = c2d34eb9-a918-8358-69c3-e54b9d58218b
build-data-compatibility-hash = 8b1c70b8396af962ab00e8716d6664c3
build-data-content-hash = 1691a140cac79c4e57816c46e9eee99d
build-full-version = 9.0.0.106939.dp-ysera-arc.a1174354bb
build-version = 9.0.0.106939
build-git-branch = dp-ysera-arc
build-git-commit-hash = a1174354bb185a7ce12277cc8d81aed48162fe22
vfs-root = 8f1ec902cf41c49deaf57dbc6928be1a ecdddc454a2c6be28d305d225590fa9c
vfs-root-size = 139 152
vfs-1 = 8f1ec902cf41c49deaf57dbc6928be1a ecdddc454a2c6be28d305d225590fa9c
vfs-1-size = 139 152
vfs-2 = aaa89785b0798eea35716fda1c8d4d4a 2810eed64f99997262a83a31c0a2074b
vfs-2-size = 147138 79594
vfs-3 = c3453ddde9dcb6fc2f71a5837147cd00 3adf52b1849b13adfa1fbbf78898a58e
vfs-3-size = 224314 134004
vfs-4 = dd75f438eb31556ea3c9d629571eb43c 634440c1bc820d403dc4f2449d03ff8a
vfs-4-size = 116551 69439
vfs-5 = 96704b81acb381658b44f6d3e41fb682 d70c24332a6d298bd2e33c0e2040420a
vfs-5-size = 117806 70228
vfs-6 = 7ef5c7357d1a13c830a3441b4cdc8219 a0c77d5b485be9c1f0f012337bb64a6b
vfs-6-size = 117802 70312
vfs-7 = df375a9a9ab4ebe49bf5c0f32029346c 13f96f0d52d5e47708d31c42eeaafea8
vfs-7-size = 117776 70317
vfs-8 = 2262088cfbdfb6a440a9eaff6d4061bb d3a72a7d4a220c3f927e0ecf3baec1b6
vfs-8-size = 117830 70259
vfs-9 = b0cb62ffeaebe770d819652b255da0e7 a2b45b0a11088220a23b2e2e8ed01a95
vfs-9-size = 4355 3051
vfs-10 = 055e3974a6fb886a27919d1fc1a0c671 07e0e75e8b4e5cfc33e871d20cf60894
vfs-10-size = 147138 79579
vfs-11 = 88a18c26d670198bdcc82eccea86b0f8 303ab08596e176ab4030b2a72da17a17
vfs-11-size = 224096 133871
vfs-12 = dd75f438eb31556ea3c9d629571eb43c 634440c1bc820d403dc4f2449d03ff8a
vfs-12-size = 116551 69439
vfs-13 = 96704b81acb381658b44f6d3e41fb682 d70c24332a6d298bd2e33c0e2040420a
vfs-13-size = 117806 70228
vfs-14 = 7ef5c7357d1a13c830a3441b4cdc8219 a0c77d5b485be9c1f0f012337bb64a6b
vfs-14-size = 117802 70312
vfs-15 = df375a9a9ab4ebe49bf5c0f32029346c 13f96f0d52d5e47708d31c42eeaafea8
vfs-15-size = 117776 70317
vfs-16 = 2262088cfbdfb6a440a9eaff6d4061bb d3a72a7d4a220c3f927e0ecf3baec1b6
vfs-16-size = 117830 70259
vfs-17 = b0cb62ffeaebe770d819652b255da0e7 a2b45b0a11088220a23b2e2e8ed01a95
vfs-17-size = 4355 3051

