# Build Configuration

root = 6ed1194afa7143cec4a76b50e892ddf6
install = 1e0c7e578a3921753c97610d6dee8a32 36619dbe5cd29127c95e9793e0a97c67
install-size = 1828090 1752535
download = 004220c6d6f0afe5852ce5d29c532a13 837c18426eb129165a1ebc9bc3207916
download-size = 359546 329590
size = 196a26bcf83432aafc30574a831b004b 80c19c7677d19d2df798c2cf103bc11d
size-size = 227655 202115
encoding = 5fbfb69efa0c1813b5d2697e089fb4ad 8297ba116b18e95360824316c7d39f8b
encoding-size = 941346 941517
build-name = 9.0.0.106624.m9.14e1568b81.Filtered
build-product = Gryphon
build-uid = gryphon
build-token = 3bb7d735-4268-2d7e-8d99-e66004effc90
build-data-compatibility-hash = d09911bc97127443ce68b4d74a8520ec
build-data-content-hash = 9fad5721663b0a52dd0804f433927435
build-full-version = 9.0.0.106624.m9.14e1568b81
build-version = 9.0.0.106624
build-git-branch = m9
build-git-commit-hash = 14e1568b81d892a4a00ad881e87ec2c0733beb25
vfs-root = 89d2171f5bcee6d2ea56791948781b12 b76fb84fb163e5436c642a0652560d23
vfs-root-size = 139 153
vfs-1 = 89d2171f5bcee6d2ea56791948781b12 b76fb84fb163e5436c642a0652560d23
vfs-1-size = 139 153
vfs-2 = 254656456359214adecadd2da7ef04f7 6d9fe1c711b230c4bdafc26af178c25f
vfs-2-size = 147138 79599
vfs-3 = c3453ddde9dcb6fc2f71a5837147cd00 3adf52b1849b13adfa1fbbf78898a58e
vfs-3-size = 224314 134004
vfs-4 = dd75f438eb31556ea3c9d629571eb43c 634440c1bc820d403dc4f2449d03ff8a
vfs-4-size = 116551 69439
vfs-5 = 96704b81acb381658b44f6d3e41fb682 d70c24332a6d298bd2e33c0e2040420a
vfs-5-size = 117806 70228
vfs-6 = 7ef5c7357d1a13c830a3441b4cdc8219 a0c77d5b485be9c1f0f012337bb64a6b
vfs-6-size = 117802 70312
vfs-7 = df375a9a9ab4ebe49bf5c0f32029346c 13f96f0d52d5e47708d31c42eeaafea8
vfs-7-size = 117776 70317
vfs-8 = 2262088cfbdfb6a440a9eaff6d4061bb d3a72a7d4a220c3f927e0ecf3baec1b6
vfs-8-size = 117830 70259
vfs-9 = b0cb62ffeaebe770d819652b255da0e7 a2b45b0a11088220a23b2e2e8ed01a95
vfs-9-size = 4355 3051
vfs-10 = c6fae3036de37af274d04aac9a88d716 b991c953ff91e78d351a117747249710
vfs-10-size = 147138 79585
vfs-11 = 88a18c26d670198bdcc82eccea86b0f8 303ab08596e176ab4030b2a72da17a17
vfs-11-size = 224096 133871
vfs-12 = dd75f438eb31556ea3c9d629571eb43c 634440c1bc820d403dc4f2449d03ff8a
vfs-12-size = 116551 69439
vfs-13 = 96704b81acb381658b44f6d3e41fb682 d70c24332a6d298bd2e33c0e2040420a
vfs-13-size = 117806 70228
vfs-14 = 7ef5c7357d1a13c830a3441b4cdc8219 a0c77d5b485be9c1f0f012337bb64a6b
vfs-14-size = 117802 70312
vfs-15 = df375a9a9ab4ebe49bf5c0f32029346c 13f96f0d52d5e47708d31c42eeaafea8
vfs-15-size = 117776 70317
vfs-16 = 2262088cfbdfb6a440a9eaff6d4061bb d3a72a7d4a220c3f927e0ecf3baec1b6
vfs-16-size = 117830 70259
vfs-17 = b0cb62ffeaebe770d819652b255da0e7 a2b45b0a11088220a23b2e2e8ed01a95
vfs-17-size = 4355 3051

