# Build Configuration

root = dae080a1ce93340d2c13bed6f785870c
install = 0bfb195b98ee5199edd30a2698cdac65 b199c4d0fc8f57ad29aa4ab97da3e3f4
install-size = 1828366 1752899
download = 0fa27c1ee690fac202141084a859af55 cdfe94a64804286d3f5b2a13205e3a0f
download-size = 360134 330367
size = 5ca02642bb7b2a26455bc23dacd67433 acb1f883331c05ff47f3dc9be7f95184
size-size = 228027 202912
encoding = f4701cb48d9ddf2d85b5bb3a71d17bbd bd21ae5a74608e6352c3008a8e99475f
encoding-size = 945474 945644
build-name = 9.0.0.107777.dp-murloc.dac35bd342.Filtered
build-product = Gryphon
build-uid = gryphon
build-token = fa70872a-aef0-396d-e199-56ef61d3dbfc
build-data-compatibility-hash = 580bf58daec3cef07bec18a7992154eb
build-data-content-hash = 5785051d913c86f01fb8418dedd1cee9
build-full-version = 9.0.0.107777.dp-murloc.dac35bd342
build-version = 9.0.0.107777
build-git-branch = dp-murloc
build-git-commit-hash = dac35bd342a969b0b06c7d9a84f8324ce8a0496a
vfs-root = 207e977c3e631bca2ea19a6d81828c95 d937e8c9ac25973ee875060984d2ec8f
vfs-root-size = 139 152
vfs-1 = 207e977c3e631bca2ea19a6d81828c95 d937e8c9ac25973ee875060984d2ec8f
vfs-1-size = 139 152
vfs-2 = 29dbf95f3071974ce500f25fab7b1fa7 73107a836dbc5f0e31a912bfe22a88ee
vfs-2-size = 147779 79911
vfs-3 = c3453ddde9dcb6fc2f71a5837147cd00 3adf52b1849b13adfa1fbbf78898a58e
vfs-3-size = 224314 134004
vfs-4 = dd75f438eb31556ea3c9d629571eb43c 634440c1bc820d403dc4f2449d03ff8a
vfs-4-size = 116551 69439
vfs-5 = 96704b81acb381658b44f6d3e41fb682 d70c24332a6d298bd2e33c0e2040420a
vfs-5-size = 117806 70228
vfs-6 = 7ef5c7357d1a13c830a3441b4cdc8219 a0c77d5b485be9c1f0f012337bb64a6b
vfs-6-size = 117802 70312
vfs-7 = df375a9a9ab4ebe49bf5c0f32029346c 13f96f0d52d5e47708d31c42eeaafea8
vfs-7-size = 117776 70317
vfs-8 = 2262088cfbdfb6a440a9eaff6d4061bb d3a72a7d4a220c3f927e0ecf3baec1b6
vfs-8-size = 117830 70259
vfs-9 = 5f6ab89ee0133040412cba6f73de3370 e60065a04b15fb3f889996171663b21e
vfs-9-size = 4459 3125
vfs-10 = cda95fe05df1850f71a9d5a633b24ff1 49a7ce1615ee872bd4405104c7e2a9b4
vfs-10-size = 147779 79897
vfs-11 = 88a18c26d670198bdcc82eccea86b0f8 303ab08596e176ab4030b2a72da17a17
vfs-11-size = 224096 133871
vfs-12 = dd75f438eb31556ea3c9d629571eb43c 634440c1bc820d403dc4f2449d03ff8a
vfs-12-size = 116551 69439
vfs-13 = 96704b81acb381658b44f6d3e41fb682 d70c24332a6d298bd2e33c0e2040420a
vfs-13-size = 117806 70228
vfs-14 = 7ef5c7357d1a13c830a3441b4cdc8219 a0c77d5b485be9c1f0f012337bb64a6b
vfs-14-size = 117802 70312
vfs-15 = df375a9a9ab4ebe49bf5c0f32029346c 13f96f0d52d5e47708d31c42eeaafea8
vfs-15-size = 117776 70317
vfs-16 = 2262088cfbdfb6a440a9eaff6d4061bb d3a72a7d4a220c3f927e0ecf3baec1b6
vfs-16-size = 117830 70259
vfs-17 = 5f6ab89ee0133040412cba6f73de3370 e60065a04b15fb3f889996171663b21e
vfs-17-size = 4459 3125

