# Build Configuration

root = a7538d6072bd60fcadc2fe2da1f39666
install = a03ea966a2aec6194d4afc70720e3b1d 1ffe58c693e7d71ed9ca72411e519cc3
install-size = 4091399 3968951
download = df9a63d4e7ff9e8eb071961d6b53d2ea 4cf4f9d4275dd9994f2ee8fb0f638ad9
download-size = 489434 450172
size = a747df7b727703708a8ecc1e8d31dcaa ac3f14c2bf0399f655c54526443e3512
size-size = 309834 276789
encoding = dc49990227e8484f45dba52254b95607 ab46d969f85a28d91d6817dec8e8bfec
encoding-size = 1279843 1280018
build-name = 11.0.0.111818.dp-winter3-gift.2039d198f2.Filtered
build-product = Gryphon
build-uid = gryphon
build-token = 34addc15-ad91-8b10-60b4-cd04878cc5ed
build-data-compatibility-hash = 459dd3fbfc3ad7911970400fdc6d1e4d
build-data-content-hash = b4fc0c5b73266f97e74750aabe463b94
build-full-version = 11.0.0.111818.dp-winter3-gift.2039d198f2
build-version = 11.0.0.111818
build-git-branch = dp-winter3-gift
build-git-commit-hash = 2039d198f2715aaf8e85b32c99b35ea3bc0655b2
vfs-root = a79ce51126aad744280785e7a636776e 13ab513f7428a2c7c5be26a8943fcd84
vfs-root-size = 178 184
vfs-1 = a79ce51126aad744280785e7a636776e 13ab513f7428a2c7c5be26a8943fcd84
vfs-1-size = 178 184
vfs-2 = 169d8d8b2eea18e5432c3cd0d1641652 f67395fd0ca02cb5f38478dc1d37bec2
vfs-2-size = 410 376
vfs-3 = ff858d212368bbc9724fe946a59389b2 dbf45638b44c965f10d34ab570d2ab61
vfs-3-size = 224096 133877
vfs-4 = 310a00180ef48fde3abe13e0f196aa7c 5b4626827a461b02725c75e29b8eaeca
vfs-4-size = 118317 70460
vfs-5 = bebaae972b9aba967a727fe6d0274631 305cc9a0abab104e33ea0d366f17da10
vfs-5-size = 119564 71278
vfs-6 = a9edf10f6700e417d54ceec933fa6792 6f27ecfa1bf7d2afa2bcf04eac853f35
vfs-6-size = 120724 71988
vfs-7 = f733b5a0017e199127d65e5bd3ae6f49 9913976efa01f8935f31892ce3e5475a
vfs-7-size = 120670 71938
vfs-8 = 4caf286ffd4dba3fcdf2cd983a3463ef 8253776f160be33640b9892d93223f6c
vfs-8-size = 120728 71923
vfs-9 = ca711d3f186fcda7ba28447ac2d2148b 6b2e9ba7715749dd389262f8ddbef0f4
vfs-9-size = 142335 77530
vfs-10 = 9317dfc6861e164c9a58774ed3a29885 0c387373fd4c5e4b69f4f3739356b88a
vfs-10-size = 4694 3228
vfs-11 = 20ea35224fc630c54a0115913ef3ef59 d407d74c7d27d069acf5f123e2161f58
vfs-11-size = 155025 86415
vfs-12 = 60327c8e75649e6cea1c3e827c505a4f 5521f6fc335cf72808524a434326f9a4
vfs-12-size = 342260 202387
vfs-13 = 7bbc6d1381ea8496a8138ca16d5ad923 af18e7f9b8ff7c7aa788c3ef7630b64d
vfs-13-size = 119564 71290
vfs-14 = 708a3606025213ca59e928ab1d5253ed 0d6877879ce27ba75794ca06bb9fc91d
vfs-14-size = 120724 72000
vfs-15 = c23bb03ed8697a2ac1330c94fcdb2271 a90a6c8610122267ea1507372dee9f5a
vfs-15-size = 120670 71957
vfs-16 = ccac9edccf00f1cc0c5565f5f8a5a8fb fa34ed021cdfd28a0b8aa0d724b6124e
vfs-16-size = 120728 71931
vfs-17 = 06d929b0aa1022f0184059c6a3582849 abe6dcd4be469610e5b5d13865ab555b
vfs-17-size = 410 375
vfs-18 = 3df7722cbc03dc8d1288cde4aeab92e9 4f65216edc1e292f889ceb65889224fc
vfs-18-size = 224096 133888
vfs-19 = 310a00180ef48fde3abe13e0f196aa7c 5b4626827a461b02725c75e29b8eaeca
vfs-19-size = 118317 70460
vfs-20 = bebaae972b9aba967a727fe6d0274631 305cc9a0abab104e33ea0d366f17da10
vfs-20-size = 119564 71278
vfs-21 = a9edf10f6700e417d54ceec933fa6792 6f27ecfa1bf7d2afa2bcf04eac853f35
vfs-21-size = 120724 71988
vfs-22 = f733b5a0017e199127d65e5bd3ae6f49 9913976efa01f8935f31892ce3e5475a
vfs-22-size = 120670 71938
vfs-23 = 4caf286ffd4dba3fcdf2cd983a3463ef 8253776f160be33640b9892d93223f6c
vfs-23-size = 120728 71923
vfs-24 = b73f4f197b03e86060d6eb3c81d6c0cb 6ff18a27cc83e58fc8105e6528215e1b
vfs-24-size = 142335 77574
vfs-25 = 9317dfc6861e164c9a58774ed3a29885 0c387373fd4c5e4b69f4f3739356b88a
vfs-25-size = 4694 3228

