# Build Configuration

root = 4c34678270552c41a80bb5044d32f58b
install = 343990728952e8f784a4874dfeace35f 5a317712c9b5179672d9ee843f6ad424
install-size = 1827684 1752184
download = 591ab62221f35feb707ec3706e5b60a4 edd73c46b93f58c1ad169fbefa1d325d
download-size = 353382 323908
size = 9f5cae97d9875ee9c2ca29274c063235 8528685b380c159c04c394298954e86c
size-size = 223759 198468
encoding = a1dcc6e3a2d3b40605e42269926bf394 105efc21d7779cc88ce2a09a45179140
encoding-size = 924834 925005
build-name = 8.5.0.105430.dp-dmf-siege.2cddf06271.Filtered
build-product = Gryphon
build-uid = gryphon
build-token = 660b02a1-d68f-c121-fec0-da10d7e6b9d6
build-data-compatibility-hash = 912f837294f905b00b846bb652019b2a
build-data-content-hash = 751ec3e61cc7f0a208a272055bb5bcf1
build-full-version = 8.5.0.105430.dp-dmf-siege.2cddf06271
build-version = 8.5.0.105430
build-git-branch = dp-dmf-siege
build-git-commit-hash = 2cddf06271ea5e123baa5bcbf0bb71b51d031fa7
vfs-root = 3cd6523dee5de965db7fccab63a3aa98 dc3c4b84b89733631bcf24c57af80c20
vfs-root-size = 139 152
vfs-1 = 3cd6523dee5de965db7fccab63a3aa98 dc3c4b84b89733631bcf24c57af80c20
vfs-1-size = 139 152
vfs-2 = 3456371397d7583d7794e6f972e003c1 3bb3040ca05e08601a5a40bf6ae129e7
vfs-2-size = 140324 75894
vfs-3 = 1048138f94e905b1f846f306fa8569e7 28aa30f8983c27158991ec3b1e064ca4
vfs-3-size = 224175 133888
vfs-4 = 623934988c84680014354823fa8b6e9e ca36d657d7476721b9c7c08827f5ee74
vfs-4-size = 116551 69459
vfs-5 = ef3432d559a5ad5037803ef52f8fb509 6348b43a04aeb2319565a7b988951826
vfs-5-size = 117806 70249
vfs-6 = 2e3f5c124f389775f6e459aba14b45d8 dce7d10a49e36be97ca7c10807893ce4
vfs-6-size = 117802 70316
vfs-7 = 826b036c87b3634d7624547ada9ed40f 338befca2fd62898b6825842d9e5a11a
vfs-7-size = 117776 70322
vfs-8 = 2e726a07d2e458f09c625908ae8f5191 f9e0608b4bcff4134fb883d791dfc8aa
vfs-8-size = 117830 70257
vfs-9 = f5f797e895ee4f9e8159c22d80c31566 6d8428794ef0723f60796d76ba513979
vfs-9-size = 4311 3019
vfs-10 = 9fb05aa0aae959abc9e6dd16a89832d8 ccc4001e7819e19a3c7753693a7d237e
vfs-10-size = 140324 75877
vfs-11 = 21d2eebf04e69c56da2b1dc47a3f44c0 307e093a156f45baa309c4f8a8290d1b
vfs-11-size = 223957 133737
vfs-12 = 623934988c84680014354823fa8b6e9e ca36d657d7476721b9c7c08827f5ee74
vfs-12-size = 116551 69459
vfs-13 = ef3432d559a5ad5037803ef52f8fb509 6348b43a04aeb2319565a7b988951826
vfs-13-size = 117806 70249
vfs-14 = 2e3f5c124f389775f6e459aba14b45d8 dce7d10a49e36be97ca7c10807893ce4
vfs-14-size = 117802 70316
vfs-15 = 826b036c87b3634d7624547ada9ed40f 338befca2fd62898b6825842d9e5a11a
vfs-15-size = 117776 70322
vfs-16 = 2e726a07d2e458f09c625908ae8f5191 f9e0608b4bcff4134fb883d791dfc8aa
vfs-16-size = 117830 70257
vfs-17 = f5f797e895ee4f9e8159c22d80c31566 6d8428794ef0723f60796d76ba513979
vfs-17-size = 4311 3019

