# Build Configuration

root = d058fbe6be80136c97141b2486660390
install = 1eaf7e15617d668a8a40a7861e05f5fe 7a5693fb28cf921bb30e63c403232c58
install-size = 3829426 3721318
download = 181ac9ae585a176d8565d4ab8645f0a4 979b55b5b545b09cbd56c7194c3ac88a
download-size = 481207 443915
size = ba8bfd3ce15a54729f8755b2e10e77a2 aa9d4aa4be19522133620172803636ad
size-size = 303722 271016
encoding = 93af09723337bc2222a1998c1f8eba60 dd7aa56c871bfb2c8e001a17e30d6e10
encoding-size = 1267459 1267633
build-name = 15.1.0.118973.dp-s19-winter.06dd2b2c79.Filtered
build-product = Gryphon
build-uid = gryphon
build-token = 69b09ba8-5096-00bb-3240-c082b0834bb2
build-data-compatibility-hash = 3215561a753f2948756532193f64bab7
build-data-content-hash = ead7f11ee1e5a05bebc8fea0189ffdb7
build-full-version = 15.1.0.118973.dp-s19-winter.06dd2b2c79
build-version = 15.1.0.118973
build-git-branch = dp-s19-winter
build-git-commit-hash = 06dd2b2c79f56575b9705a9dbdf795f6f68fe6fb
feature-placeholder = true
vfs-root = 40611f0bc3dc41ff02960a52f72d6848 98aa3f3f37855e38c745f1cc2e438d84
vfs-root-size = 178 183
vfs-1 = 40611f0bc3dc41ff02960a52f72d6848 98aa3f3f37855e38c745f1cc2e438d84
vfs-1-size = 178 183
vfs-2 = fbf3a97a01ead95e1d583b7382576fee 73095927086bf6ca761f456c7d508dcd
vfs-2-size = 410 377
vfs-3 = db3488aabeb8c6a362e2f5e75ffa0758 c8a11f55d3037a1d14689e41bed85fb5
vfs-3-size = 189473 113052
vfs-4 = fd137fbb5d0d97f87b93a47bba69c765 5640cde3da1b3f995e244abb3cdcb671
vfs-4-size = 102163 61036
vfs-5 = e2ec7a8bc7c77d2a7eb4c8b0e9b1fd9e d1c1b4f8200f0647d588608f1b019fb9
vfs-5-size = 102663 61300
vfs-6 = 94472cce9c157eda90541f7770cb63af c5282a2f50b02c4da308fa50fc0cc8c4
vfs-6-size = 103604 61915
vfs-7 = 28eb3fc60a428bab79790defd5fc6a06 b7231a878f1cfdbc8ff4eee935000ed7
vfs-7-size = 103591 61878
vfs-8 = 5e65fe9030473a06ad780aa2351410fc cc1c9464c5349f5d49098df326f06936
vfs-8-size = 103514 61852
vfs-9 = b29fbb27818bfedea2152efa7625b834 45f25a290792d055096ee4d4839eafb9
vfs-9-size = 127893 70428
vfs-10 = 6d808391c9df40c99ca9f4f67a988cea 895f6db748c783ab42a6922d41a562e4
vfs-10-size = 5026 3439
vfs-11 = 9c870d793fc53748d0bd8ec5d4728927 59e72751219b0722b90742059e7b2595
vfs-11-size = 170338 95055
vfs-12 = 297b404fc1bfb78fd80b2f713cbbae60 845a41f32e84b32c4254eee0c7372c10
vfs-12-size = 343412 203026
vfs-13 = 6a38c18394c2e8b7b12839e50a6f68e6 44c6fd8eace7eaa1a9d3c4922c48b006
vfs-13-size = 120711 71951
vfs-14 = c973b584f6d2c622f0f10bd7d199891c 9e10d3b19f335010b55d791fafbf36f7
vfs-14-size = 122157 72806
vfs-15 = 02e5cc19c5f09c35684003a429b0cd76 3b6f5ebb77af75ab56e620289eb14aba
vfs-15-size = 122104 72779
vfs-16 = a0673cc9406bf6d021b512032dbef6f7 55376c2aa1745260fe2f1a12bba2db83
vfs-16-size = 122153 72732
vfs-17 = 3ea445b989bcd4789f57d2ca13da618c c4f934697aa2dbefb12b38f0ce9c0979
vfs-17-size = 410 376
vfs-18 = fc1b1f50c6c7cf1c98b6db65b30e10ff 018ec0927adfb1af3581cffe9c83892c
vfs-18-size = 189473 113043
vfs-19 = fd137fbb5d0d97f87b93a47bba69c765 5640cde3da1b3f995e244abb3cdcb671
vfs-19-size = 102163 61036
vfs-20 = e2ec7a8bc7c77d2a7eb4c8b0e9b1fd9e d1c1b4f8200f0647d588608f1b019fb9
vfs-20-size = 102663 61300
vfs-21 = 94472cce9c157eda90541f7770cb63af c5282a2f50b02c4da308fa50fc0cc8c4
vfs-21-size = 103604 61915
vfs-22 = 28eb3fc60a428bab79790defd5fc6a06 b7231a878f1cfdbc8ff4eee935000ed7
vfs-22-size = 103591 61878
vfs-23 = 5e65fe9030473a06ad780aa2351410fc cc1c9464c5349f5d49098df326f06936
vfs-23-size = 103514 61852
vfs-24 = 482d3989a82598347669d267167b97f1 5a24991ebcf8425f03e8f522fd17465b
vfs-24-size = 130773 72075
vfs-25 = 6d808391c9df40c99ca9f4f67a988cea 895f6db748c783ab42a6922d41a562e4
vfs-25-size = 5026 3439

