# Build Configuration

root = 89fca526c88e7df0b6fd99fed6bb5534
install = a29a6886c28d3be517d4d6c000d94e10 3200adec7b987834ddcf8aea0e0a6e06
install-size = 3813879 3705365
download = 5181b940fd7a55a8623816c936ff87cf 73ccf596d282b46e6e19bbf9a9c52a43
download-size = 476074 439063
size = 37ba5dd73d0cecfa942128da354da9ec 1cdc9a68d2901578df1468ea29ef1f43
size-size = 300479 268267
encoding = 92881dfd8280e42f7bbb19db1d4f894b ef5f7ce0c5f29fc31c9e1652680c8c98
encoding-size = 1250947 1251122
build-name = 12.0.0.115470.dp-arthas-nerfs.283ee7c97f.Filtered
build-product = Gryphon
build-uid = gryphon
build-token = fb5e777f-bf9f-3f12-6d35-dc0098650edf
build-data-compatibility-hash = a2771de842d3364012ef31adf8ba3070
build-data-content-hash = 26b85a45a5c214787161a86566d05175
build-full-version = 12.0.0.115470.dp-arthas-nerfs.283ee7c97f
build-version = 12.0.0.115470
build-git-branch = dp-arthas-nerfs
build-git-commit-hash = 283ee7c97f26e194c92cd2a3409dceb93d72f0c4
vfs-root = 7a73a3d684a622a09262aff3ce3fb516 65a8e042de41c2dfd7b9691bc6692f9f
vfs-root-size = 178 179
vfs-1 = 7a73a3d684a622a09262aff3ce3fb516 65a8e042de41c2dfd7b9691bc6692f9f
vfs-1-size = 178 179
vfs-2 = 21809a3b60d41a5544bb11d6efc442d7 b8378e3b7c574eb70fb374cab78d492a
vfs-2-size = 410 376
vfs-3 = 8618352f21cc8137eb7c66cc8f4b2fe9 08584b191337a08cfc3aa1db8bd69616
vfs-3-size = 189473 113065
vfs-4 = 824f6542def445a14f4f5cf3d70d5ab1 451b43c6cb7eee3342790a381e322455
vfs-4-size = 102842 61433
vfs-5 = 29e30b8fb07a965cf7eea1c8028f9867 6f0636551223743f05c601df9d8778d8
vfs-5-size = 103325 61675
vfs-6 = 70ff00a589ce2292e57f95d0a3624bb9 9001a41fe9f7a0560d8da79c13c37635
vfs-6-size = 103973 62109
vfs-7 = dbc299739a10f87c31945c1e5c31fb51 7f5f06573d31bd392023b7523353f446
vfs-7-size = 103948 62029
vfs-8 = 9f9beb9155315f08e8f99acc9ba33e1b cd6a9d1114c44561f1b17c2c44021187
vfs-8-size = 103864 62025
vfs-9 = 83ebc8a11261fb53254c75721949ef72 75ec62a402828d91c37def1ff2ff1803
vfs-9-size = 128503 70441
vfs-10 = eac6b830d6820da9bd189e3fa4e64abc c83fdba0a6d26f513d58ae56a9a63be2
vfs-10-size = 4977 3410
vfs-11 = 8984e0f70e6e1ddcc8806432c4959d10 0014832c192cffc58276af228a302d64
vfs-11-size = 162461 90685
vfs-12 = 810806351b3d4acfbcedad9d0f912cb6 3b6756bcadead451dce6f4a6eb0dbe10
vfs-12-size = 343073 202862
vfs-13 = dcbb625b0f009e6ecbcdaedf025fd51d 8219a6f1aa9dfa6a405521b6388cfd08
vfs-13-size = 120375 71746
vfs-14 = d9d1f16f60eda39879a648f33e771dee 73a7b085efa28f36ee54b0ed6a85a980
vfs-14-size = 121540 72467
vfs-15 = 9e3259cfbf0429987ed85ec190c7bf4d f085853f12ec42ebc280c45ce5d395d4
vfs-15-size = 121497 72401
vfs-16 = 5998b0c1e237ae030a8d087077d1c5bc f134865ddd99f438c57e993f90a67605
vfs-16-size = 121542 72396
vfs-17 = c8a0dd399b672cadffcab7b9484c8471 89957ce2795e1bafa0b0d70140bad94e
vfs-17-size = 410 376
vfs-18 = 48ef591f6cef135a57cef0472f40625d 2e1d3d4928c4196f89260ca7af9a94be
vfs-18-size = 189473 113062
vfs-19 = 824f6542def445a14f4f5cf3d70d5ab1 451b43c6cb7eee3342790a381e322455
vfs-19-size = 102842 61433
vfs-20 = 29e30b8fb07a965cf7eea1c8028f9867 6f0636551223743f05c601df9d8778d8
vfs-20-size = 103325 61675
vfs-21 = 70ff00a589ce2292e57f95d0a3624bb9 9001a41fe9f7a0560d8da79c13c37635
vfs-21-size = 103973 62109
vfs-22 = dbc299739a10f87c31945c1e5c31fb51 7f5f06573d31bd392023b7523353f446
vfs-22-size = 103948 62029
vfs-23 = 9f9beb9155315f08e8f99acc9ba33e1b cd6a9d1114c44561f1b17c2c44021187
vfs-23-size = 103864 62025
vfs-24 = 5f340dc399479bfec585f67c6b3308d1 bfdeb0b644e72f6890eceeec3c7dda27
vfs-24-size = 128503 70502
vfs-25 = eac6b830d6820da9bd189e3fa4e64abc c83fdba0a6d26f513d58ae56a9a63be2
vfs-25-size = 4977 3410

