# Build Configuration

root = fe2524e6d8878be06bcd52559f6e942c
install = ffe2fcfe44f3f8ba962a5c48305b97b5 f0c3de8fc6943d1002aeb921176d21f2
install-size = 3829007 3720528
download = 7c0565ecdc33e3dee3af9d39475af099 a1a0c75f6270a484f44c597326fdf2a1
download-size = 481034 443725
size = b6be84bbb7dd964cb5fb0dbaae0ad4c3 eac0ac9a7730bf3eade248df71a8beff
size-size = 303612 270997
encoding = 1efc1c2c089bcb81f1f7fea730c58cac 3db896c79ecd67ced2681d824fdac80b
encoding-size = 1267459 1267632
build-name = 15.1.0.118898.dp-s18-pilgrims.25646e32ca.Filtered
build-product = Gryphon
build-uid = gryphon
build-token = c6ce8bbf-e2eb-750f-ca24-f4b75eff610c
build-data-compatibility-hash = dcaf4d1d65b1e38087f4a8058a04d246
build-data-content-hash = 35f81379bc98e3f014f65e7e1184af84
build-full-version = 15.1.0.118898.dp-s18-pilgrims.25646e32ca
build-version = 15.1.0.118898
build-git-branch = dp-s18-pilgrims
build-git-commit-hash = 25646e32cad8f9be2fac11fa7ab35973cf976e3f
feature-placeholder = true
vfs-root = cde156263d0c2694c669f33ead337e7c 891c5d2bde56eafe7739555954c17541
vfs-root-size = 178 183
vfs-1 = cde156263d0c2694c669f33ead337e7c 891c5d2bde56eafe7739555954c17541
vfs-1-size = 178 183
vfs-2 = c1420d6dd734c9d1868af36f75c38cbe 818eb6f2c768547c5872efcbacb80d17
vfs-2-size = 410 379
vfs-3 = db3488aabeb8c6a362e2f5e75ffa0758 c8a11f55d3037a1d14689e41bed85fb5
vfs-3-size = 189473 113052
vfs-4 = fd137fbb5d0d97f87b93a47bba69c765 5640cde3da1b3f995e244abb3cdcb671
vfs-4-size = 102163 61036
vfs-5 = e2ec7a8bc7c77d2a7eb4c8b0e9b1fd9e d1c1b4f8200f0647d588608f1b019fb9
vfs-5-size = 102663 61300
vfs-6 = 94472cce9c157eda90541f7770cb63af c5282a2f50b02c4da308fa50fc0cc8c4
vfs-6-size = 103604 61915
vfs-7 = 28eb3fc60a428bab79790defd5fc6a06 b7231a878f1cfdbc8ff4eee935000ed7
vfs-7-size = 103591 61878
vfs-8 = 5e65fe9030473a06ad780aa2351410fc cc1c9464c5349f5d49098df326f06936
vfs-8-size = 103514 61852
vfs-9 = 9fcf83eabcef25466af25f8e5ce373f8 f05966d23ab679fcd4d7bfb896ed3210
vfs-9-size = 127675 70291
vfs-10 = 6d808391c9df40c99ca9f4f67a988cea 895f6db748c783ab42a6922d41a562e4
vfs-10-size = 5026 3439
vfs-11 = 9ab09f3ce3141cc96fa688e8f2973881 f50c2aeedb25af1f1cf46b7f9bce4cf6
vfs-11-size = 170338 95040
vfs-12 = f66b7590693c3f087d4e77c0742be4fa 8794682eb2868fcf0a316b46c9a86907
vfs-12-size = 343412 203015
vfs-13 = 6a38c18394c2e8b7b12839e50a6f68e6 44c6fd8eace7eaa1a9d3c4922c48b006
vfs-13-size = 120711 71951
vfs-14 = c973b584f6d2c622f0f10bd7d199891c 9e10d3b19f335010b55d791fafbf36f7
vfs-14-size = 122157 72806
vfs-15 = 02e5cc19c5f09c35684003a429b0cd76 3b6f5ebb77af75ab56e620289eb14aba
vfs-15-size = 122104 72779
vfs-16 = a0673cc9406bf6d021b512032dbef6f7 55376c2aa1745260fe2f1a12bba2db83
vfs-16-size = 122153 72732
vfs-17 = 833f57d2607ee3d29d352cad2cc1ab98 c06ef4134517ed7af32734652ed74b66
vfs-17-size = 410 377
vfs-18 = fc1b1f50c6c7cf1c98b6db65b30e10ff 018ec0927adfb1af3581cffe9c83892c
vfs-18-size = 189473 113043
vfs-19 = fd137fbb5d0d97f87b93a47bba69c765 5640cde3da1b3f995e244abb3cdcb671
vfs-19-size = 102163 61036
vfs-20 = e2ec7a8bc7c77d2a7eb4c8b0e9b1fd9e d1c1b4f8200f0647d588608f1b019fb9
vfs-20-size = 102663 61300
vfs-21 = 94472cce9c157eda90541f7770cb63af c5282a2f50b02c4da308fa50fc0cc8c4
vfs-21-size = 103604 61915
vfs-22 = 28eb3fc60a428bab79790defd5fc6a06 b7231a878f1cfdbc8ff4eee935000ed7
vfs-22-size = 103591 61878
vfs-23 = 5e65fe9030473a06ad780aa2351410fc cc1c9464c5349f5d49098df326f06936
vfs-23-size = 103514 61852
vfs-24 = e5812f4410662f28b0b6f5ac438c6e58 dbaef6265175b166824d8c0de66e7fa9
vfs-24-size = 130608 71978
vfs-25 = 6d808391c9df40c99ca9f4f67a988cea 895f6db748c783ab42a6922d41a562e4
vfs-25-size = 5026 3439

