# Build Configuration

root = d058fbe6be80136c97141b2486660390
install = 5cbfe18582792fcfc99e7e9dd81b407d d60fec8fa0478d5153af5f10d0a20584
install-size = 3829848 3721733
download = 08549dd371a96101322d8f2747dc9943 335bb78f71e94c6031e254dc79695eff
download-size = 481402 444089
size = ddfc66c304c74d4aa76cd3f63857b362 dc79c8b4d73dbb4611eae95423dff79c
size-size = 303845 271177
encoding = 90dfc08d5b4f53427011b0d7fc8d4202 1dca36d2186185ffb49d260cab91c33c
encoding-size = 1267459 1267633
build-name = 15.1.0.118992.dp-maintenance-msg.4017a302fa.Filtered
build-product = Gryphon
build-uid = gryphon
build-token = ec717f42-860d-19ae-317c-3f09137d66b2
build-data-compatibility-hash = c50c4f8db36571ce107d823589d6d848
build-data-content-hash = a684c986c149ee885318e3bd59cdef55
build-full-version = 15.1.0.118992.dp-maintenance-msg.4017a302fa
build-version = 15.1.0.118992
build-git-branch = dp-maintenance-msg
build-git-commit-hash = 4017a302fa027b0915a9d359b140aac64a78c7d4
feature-placeholder = true
vfs-root = a27f45bdeed9da715f12e670405471a9 7b04d01c3a97c03a3df0e0e87804fe5b
vfs-root-size = 178 184
vfs-1 = a27f45bdeed9da715f12e670405471a9 7b04d01c3a97c03a3df0e0e87804fe5b
vfs-1-size = 178 184
vfs-2 = 27849ba27a7e6f17a6f66ec7f6b179a4 d3af5683ac85e93112599dbbd30ebcdb
vfs-2-size = 410 380
vfs-3 = db3488aabeb8c6a362e2f5e75ffa0758 c8a11f55d3037a1d14689e41bed85fb5
vfs-3-size = 189473 113052
vfs-4 = fd137fbb5d0d97f87b93a47bba69c765 5640cde3da1b3f995e244abb3cdcb671
vfs-4-size = 102163 61036
vfs-5 = e2ec7a8bc7c77d2a7eb4c8b0e9b1fd9e d1c1b4f8200f0647d588608f1b019fb9
vfs-5-size = 102663 61300
vfs-6 = 94472cce9c157eda90541f7770cb63af c5282a2f50b02c4da308fa50fc0cc8c4
vfs-6-size = 103604 61915
vfs-7 = 28eb3fc60a428bab79790defd5fc6a06 b7231a878f1cfdbc8ff4eee935000ed7
vfs-7-size = 103591 61878
vfs-8 = 5e65fe9030473a06ad780aa2351410fc cc1c9464c5349f5d49098df326f06936
vfs-8-size = 103514 61852
vfs-9 = 9279425c9663926e91fe99eadf884018 3cf6d46c6335a42bbc92385edeb7fab4
vfs-9-size = 128205 70623
vfs-10 = 6d808391c9df40c99ca9f4f67a988cea 895f6db748c783ab42a6922d41a562e4
vfs-10-size = 5026 3439
vfs-11 = ecd30ab28f10db62ca133f16057e568c 756127556dafb749b00fdcdffaf55bae
vfs-11-size = 170338 95027
vfs-12 = f66b7590693c3f087d4e77c0742be4fa 8794682eb2868fcf0a316b46c9a86907
vfs-12-size = 343412 203015
vfs-13 = 6a38c18394c2e8b7b12839e50a6f68e6 44c6fd8eace7eaa1a9d3c4922c48b006
vfs-13-size = 120711 71951
vfs-14 = c973b584f6d2c622f0f10bd7d199891c 9e10d3b19f335010b55d791fafbf36f7
vfs-14-size = 122157 72806
vfs-15 = 02e5cc19c5f09c35684003a429b0cd76 3b6f5ebb77af75ab56e620289eb14aba
vfs-15-size = 122104 72779
vfs-16 = a0673cc9406bf6d021b512032dbef6f7 55376c2aa1745260fe2f1a12bba2db83
vfs-16-size = 122153 72732
vfs-17 = f20b0b612a041bc9d063e7c54e2fe2cf 7acb9655eee0f9ee5a5b4d7231d999e9
vfs-17-size = 410 377
vfs-18 = fc1b1f50c6c7cf1c98b6db65b30e10ff 018ec0927adfb1af3581cffe9c83892c
vfs-18-size = 189473 113043
vfs-19 = fd137fbb5d0d97f87b93a47bba69c765 5640cde3da1b3f995e244abb3cdcb671
vfs-19-size = 102163 61036
vfs-20 = e2ec7a8bc7c77d2a7eb4c8b0e9b1fd9e d1c1b4f8200f0647d588608f1b019fb9
vfs-20-size = 102663 61300
vfs-21 = 94472cce9c157eda90541f7770cb63af c5282a2f50b02c4da308fa50fc0cc8c4
vfs-21-size = 103604 61915
vfs-22 = 28eb3fc60a428bab79790defd5fc6a06 b7231a878f1cfdbc8ff4eee935000ed7
vfs-22-size = 103591 61878
vfs-23 = 5e65fe9030473a06ad780aa2351410fc cc1c9464c5349f5d49098df326f06936
vfs-23-size = 103514 61852
vfs-24 = 82c54211a0f57f1fb0f2333588f2495a 27c47560239d8a5cc181952adc5b3678
vfs-24-size = 130881 72129
vfs-25 = 6d808391c9df40c99ca9f4f67a988cea 895f6db748c783ab42a6922d41a562e4
vfs-25-size = 5026 3439

